40
40
1.0 4.0 1.0 9.0 6.0 13.0 4.0 4.0 6.0 10.0 1.0 6.0 1.0 15.0 5.0 15.0 3.0 4.0 4.0 11.0 5.0 3.0 4.0 15.0 2.0 6.0 4.0 13.0 4.0 7.0 4.0 8.0 4.0 10.0 4.0 14.0 4.0 15.0 2.0 13.0 6.0 11.0 2.0 5.0 5.0 15.0 5.0 3.0 4.0 4.0 3.0 15.0 2.0 6.0 1.0 6.0 5.0 3.0 5.0 11.0 3.0 10.0 5.0 4.0 5.0 6.0 3.0 5.0 3.0 13.0 3.0 9.0 3.0 5.0 2.0 13.0 6.0 12.0 2.0
1.0 4.0 1.0 9.0 6.0 13.0 4.0 4.0 6.0 10.0 1.0 6.0 1.0 15.0 5.0 15.0 3.0 4.0 4.0 11.0 5.0 3.0 4.0 15.0 2.0 6.0 4.0 13.0 4.0 7.0 4.0 8.0 4.0 10.0 4.0 14.0 4.0 15.0 2.0 13.0 6.0 11.0 2.0 5.0 5.0 15.0 5.0 3.0 4.0 4.0 3.0 15.0 2.0 6.0 1.0 6.0 5.0 3.0 5.0 11.0 3.0 10.0 5.0 4.0 5.0 6.0 3.0 5.0 3.0 13.0 3.0 9.0 3.0 5.0 2.0 13.0 6.0 12.0 2.0
1.0 4.0 1.0 9.0 6.0 13.0 4.0 4.0 6.0 10.0 1.0 6.0 1.0 15.0 5.0 15.0 3.0 4.0 4.0 11.0 5.0 3.0 4.0 15.0 2.0 6.0 4.0 13.0 4.0 7.0 4.0 8.0 4.0 10.0 4.0 14.0 4.0 15.0 2.0 13.0 6.0 11.0 2.0 5.0 5.0 15.0 5.0 3.0 4.0 4.0 3.0 15.0 2.0 6.0 1.0 6.0 5.0 3.0 5.0 11.0 3.0 10.0 5.0 4.0 5.0 6.0 3.0 5.0 3.0 13.0 3.0 9.0 3.0 5.0 2.0 13.0 6.0 12.0 2.0
0.7 2.9 0.7 6.4 0.0 9.3 0.0 2.9 0.0 7.1 0.0 4.3 0.7 10.7 3.6 10.7 0.0 2.9 0.0 7.9 0.0 2.1 0.0 10.7 0.0 4.3 2.9 9.3 2.9 5.0 0.0 5.7 2.9 7.1 0.0 10.0 0.0 10.7 0.0 9.3 4.3 7.9 0.0 3.6 3.6 10.7 3.6 2.1 0.0 2.9 2.1 10.7 1.4 4.3 0.0 4.3 0.0 2.1 0.0 7.9 0.0 7.1 3.6 2.9 3.6 4.3 0.0 3.6 0.0 9.3 0.0 6.4 0.0 3.6 0.0 9.3 4.3 8.6 0.0
1.0 4.0 1.0 9.0 6.0 13.0 4.0 4.0 6.0 10.0 1.0 6.0 1.0 15.0 5.0 15.0 3.0 4.0 4.0 11.0 5.0 3.0 4.0 15.0 2.0 6.0 4.0 13.0 4.0 7.0 4.0 8.0 4.0 10.0 4.0 14.0 4.0 15.0 2.0 13.0 6.0 11.0 2.0 5.0 5.0 15.0 5.0 3.0 4.0 4.0 3.0 15.0 2.0 6.0 1.0 6.0 5.0 3.0 5.0 11.0 3.0 10.0 5.0 4.0 5.0 6.0 3.0 5.0 3.0 13.0 3.0 9.0 3.0 5.0 2.0 13.0 6.0 12.0 2.0
1.3 5.3 1.3 12.0 8.0 17.3 5.3 5.3 8.0 13.3 1.3 8.0 1.3 20.0 6.7 20.0 4.0 5.3 5.3 14.7 6.7 4.0 5.3 20.0 2.7 8.0 5.3 17.3 5.3 9.3 5.3 10.7 5.3 13.3 5.3 18.7 5.3 20.0 2.7 17.3 8.0 14.7 2.7 6.7 6.7 20.0 6.7 4.0 5.3 5.3 4.0 20.0 2.7 8.0 1.3 8.0 6.7 4.0 6.7 14.7 4.0 13.3 6.7 5.3 6.7 8.0 4.0 6.7 4.0 17.3 4.0 12.0 4.0 6.7 2.7 17.3 8.0 16.0 2.7
0.0 2.9 0.0 6.4 4.3 9.3 0.0 2.9 4.3 7.1 0.0 4.3 0.0 10.7 0.0 10.7 2.1 2.9 2.9 7.9 0.0 2.1 2.9 10.7 1.4 4.3 0.0 9.3 0.0 5.0 0.0 5.7 2.9 7.1 2.9 10.0 0.0 10.7 0.0 9.3 0.0 7.9 0.0 3.6 0.0 10.7 3.6 2.1 0.0 2.9 0.0 10.7 0.0 4.3 0.7 4.3 0.0 2.1 0.0 7.9 2.1 7.1 3.6 2.9 0.0 4.3 2.1 3.6 2.1 9.3 0.0 6.4 0.0 3.6 1.4 9.3 4.3 8.6 0.0
0.7 2.9 0.0 6.4 0.0 9.3 0.0 2.9 4.3 7.1 0.0 4.3 0.7 10.7 0.0 10.7 2.1 2.9 2.9 7.9 3.6 2.1 0.0 10.7 0.0 4.3 2.9 9.3 2.9 5.0 0.0 5.7 2.9 7.1 0.0 10.0 2.9 10.7 0.0 9.3 4.3 7.9 1.4 3.6 0.0 10.7 3.6 2.1 0.0 2.9 2.1 10.7 1.4 4.3 0.0 4.3 0.0 2.1 0.0 7.9 0.0 7.1 3.6 2.9 0.0 4.3 0.0 3.6 0.0 9.3 0.0 6.4 0.0 3.6 1.4 9.3 0.0 8.6 1.4
1.3 5.3 1.3 12.0 8.0 17.3 5.3 5.3 8.0 13.3 1.3 8.0 1.3 20.0 6.7 20.0 4.0 5.3 5.3 14.7 6.7 4.0 5.3 20.0 2.7 8.0 5.3 17.3 5.3 9.3 5.3 10.7 5.3 13.3 5.3 18.7 5.3 20.0 2.7 17.3 8.0 14.7 2.7 6.7 6.7 20.0 6.7 4.0 5.3 5.3 4.0 20.0 2.7 8.0 1.3 8.0 6.7 4.0 6.7 14.7 4.0 13.3 6.7 5.3 6.7 8.0 4.0 6.7 4.0 17.3 4.0 12.0 4.0 6.7 2.7 17.3 8.0 16.0 2.7
1.0 4.0 1.0 9.0 6.0 13.0 4.0 4.0 6.0 10.0 1.0 6.0 1.0 15.0 5.0 15.0 3.0 4.0 4.0 11.0 5.0 3.0 4.0 15.0 2.0 6.0 4.0 13.0 4.0 7.0 4.0 8.0 4.0 10.0 4.0 14.0 4.0 15.0 2.0 13.0 6.0 11.0 2.0 5.0 5.0 15.0 5.0 3.0 4.0 4.0 3.0 15.0 2.0 6.0 1.0 6.0 5.0 3.0 5.0 11.0 3.0 10.0 5.0 4.0 5.0 6.0 3.0 5.0 3.0 13.0 3.0 9.0 3.0 5.0 2.0 13.0 6.0 12.0 2.0
0.7 2.9 0.7 6.4 0.0 9.3 2.9 2.9 4.3 7.1 0.7 4.3 0.0 10.7 3.6 10.7 2.1 2.9 0.0 7.9 0.0 2.1 0.0 10.7 0.0 4.3 2.9 9.3 0.0 5.0 0.0 5.7 0.0 7.1 0.0 10.0 0.0 10.7 1.4 9.3 0.0 7.9 0.0 3.6 3.6 10.7 0.0 2.1 2.9 2.9 0.0 10.7 1.4 4.3 0.0 4.3 0.0 2.1 0.0 7.9 0.0 7.1 0.0 2.9 3.6 4.3 0.0 3.6 0.0 9.3 0.0 6.4 0.0 3.6 0.0 9.3 4.3 8.6 0.0
1.0 4.0 1.0 9.0 6.0 13.0 0.0 4.0 6.0 10.0 0.0 6.0 0.0 15.0 0.0 15.0 3.0 4.0 0.0 11.0 0.0 3.0 4.0 15.0 0.0 6.0 0.0 13.0 4.0 7.0 0.0 8.0 0.0 10.0 0.0 14.0 4.0 15.0 0.0 13.0 0.0 11.0 0.0 5.0 5.0 15.0 0.0 3.0 4.0 4.0 0.0 15.0 0.0 6.0 1.0 6.0 5.0 3.0 5.0 11.0 3.0 10.0 5.0 4.0 5.0 6.0 3.0 5.0 3.0 13.0 3.0 9.0 3.0 5.0 2.0 13.0 0.0 12.0 0.0
0.0 2.9 0.0 6.4 4.3 9.3 2.9 2.9 0.0 7.1 0.7 4.3 0.0 10.7 3.6 10.7 2.1 2.9 0.0 7.9 3.6 2.1 2.9 10.7 0.0 4.3 0.0 9.3 0.0 5.0 0.0 5.7 2.9 7.1 0.0 10.0 2.9 10.7 1.4 9.3 0.0 7.9 1.4 3.6 3.6 10.7 3.6 2.1 2.9 2.9 2.1 10.7 0.0 4.3 0.0 4.3 0.0 2.1 0.0 7.9 0.0 7.1 0.0 2.9 0.0 4.3 2.1 3.6 2.1 9.3 0.0 6.4 0.0 3.6 0.0 9.3 0.0 8.6 1.4
0.0 2.9 0.0 6.4 0.0 9.3 0.0 2.9 0.0 7.1 0.7 4.3 0.7 10.7 0.0 10.7 0.0 2.9 2.9 7.9 3.6 2.1 0.0 10.7 0.0 4.3 2.9 9.3 0.0 5.0 0.0 5.7 0.0 7.1 0.0 10.0 0.0 10.7 0.0 9.3 4.3 7.9 0.0 3.6 3.6 10.7 3.6 2.1 0.0 2.9 0.0 10.7 1.4 4.3 0.0 4.3 3.6 2.1 3.6 7.9 0.0 7.1 3.6 2.9 3.6 4.3 2.1 3.6 2.1 9.3 2.1 6.4 0.0 3.6 0.0 9.3 0.0 8.6 1.4
1.0 4.0 1.0 9.0 6.0 13.0 4.0 4.0 6.0 10.0 1.0 6.0 1.0 15.0 5.0 15.0 3.0 4.0 4.0 11.0 5.0 3.0 4.0 15.0 2.0 6.0 4.0 13.0 4.0 7.0 4.0 8.0 4.0 10.0 4.0 14.0 4.0 15.0 2.0 13.0 6.0 11.0 2.0 5.0 5.0 15.0 5.0 3.0 4.0 4.0 3.0 15.0 2.0 6.0 1.0 6.0 5.0 3.0 5.0 11.0 3.0 10.0 5.0 4.0 5.0 6.0 3.0 5.0 3.0 13.0 3.0 9.0 3.0 5.0 2.0 13.0 6.0 12.0 2.0
0.9 3.6 0.0 8.2 0.0 11.8 3.6 3.6 0.0 9.1 0.9 5.5 0.0 13.6 0.0 13.6 2.7 3.6 3.6 10.0 4.5 2.7 0.0 13.6 0.0 5.5 0.0 11.8 0.0 6.4 0.0 7.3 3.6 9.1 0.0 12.7 0.0 13.6 1.8 11.8 5.5 10.0 0.0 4.5 4.5 13.6 0.0 2.7 0.0 3.6 2.7 13.6 0.0 5.5 0.0 5.5 4.5 2.7 4.5 10.0 2.7 9.1 0.0 3.6 0.0 5.5 0.0 4.5 0.0 11.8 2.7 8.2 2.7 4.5 1.8 11.8 0.0 10.9 1.8
0.0 2.9 0.0 6.4 4.3 9.3 2.9 2.9 0.0 7.1 0.0 4.3 0.0 10.7 0.0 10.7 0.0 2.9 2.9 7.9 0.0 2.1 0.0 10.7 0.0 4.3 2.9 9.3 2.9 5.0 2.9 5.7 0.0 7.1 0.0 10.0 2.9 10.7 0.0 9.3 4.3 7.9 0.0 3.6 0.0 10.7 3.6 2.1 0.0 2.9 2.1 10.7 1.4 4.3 0.0 4.3 0.0 2.1 0.0 7.9 0.0 7.1 0.0 2.9 3.6 4.3 0.0 3.6 0.0 9.3 0.0 6.4 2.1 3.6 0.0 9.3 0.0 8.6 0.0
1.0 4.0 0.0 9.0 6.0 13.0 4.0 4.0 6.0 10.0 1.0 6.0 1.0 15.0 0.0 15.0 3.0 4.0 0.0 11.0 5.0 3.0 4.0 15.0 0.0 6.0 4.0 13.0 4.0 7.0 0.0 8.0 4.0 10.0 0.0 14.0 4.0 15.0 2.0 13.0 0.0 11.0 2.0 5.0 0.0 15.0 5.0 3.0 4.0 4.0 0.0 15.0 2.0 6.0 0.0 6.0 5.0 3.0 5.0 11.0 3.0 10.0 5.0 4.0 5.0 6.0 3.0 5.0 3.0 13.0 0.0 9.0 0.0 5.0 2.0 13.0 6.0 12.0 2.0
0.9 3.6 0.9 8.2 5.5 11.8 0.0 3.6 0.0 9.1 0.0 5.5 0.9 13.6 4.5 13.6 0.0 3.6 3.6 10.0 0.0 2.7 3.6 13.6 1.8 5.5 0.0 11.8 3.6 6.4 0.0 7.3 3.6 9.1 0.0 12.7 0.0 13.6 1.8 11.8 5.5 10.0 1.8 4.5 4.5 13.6 4.5 2.7 3.6 3.6 2.7 13.6 1.8 5.5 0.0 5.5 4.5 2.7 0.0 10.0 0.0 9.1 0.0 3.6 0.0 5.5 0.0 4.5 2.7 11.8 0.0 8.2 0.0 4.5 0.0 11.8 0.0 10.9 0.0
0.0 3.2 0.8 7.2 0.0 10.4 0.0 3.2 4.8 8.0 0.8 4.8 0.0 12.0 0.0 12.0 0.0 3.2 0.0 8.8 0.0 2.4 0.0 12.0 0.0 4.8 0.0 10.4 3.2 5.6 3.2 6.4 3.2 8.0 3.2 11.2 3.2 12.0 1.6 10.4 4.8 8.8 0.0 4.0 0.0 12.0 4.0 2.4 3.2 3.2 0.0 12.0 0.0 4.8 0.8 4.8 0.0 2.4 0.0 8.8 2.4 8.0 0.0 3.2 4.0 4.8 0.0 4.0 2.4 10.4 2.4 7.2 0.0 4.0 0.0 10.4 0.0 9.6 1.6
1.0 4.0 0.0 9.0 6.0 13.0 0.0 4.0 6.0 10.0 1.0 6.0 1.0 15.0 5.0 15.0 0.0 4.0 4.0 11.0 0.0 3.0 4.0 15.0 0.0 6.0 0.0 13.0 4.0 7.0 4.0 8.0 4.0 10.0 0.0 14.0 0.0 15.0 0.0 13.0 6.0 11.0 0.0 5.0 5.0 15.0 0.0 3.0 4.0 4.0 3.0 15.0 2.0 6.0 1.0 6.0 0.0 3.0 0.0 11.0 3.0 10.0 5.0 4.0 0.0 6.0 3.0 5.0 3.0 13.0 0.0 9.0 3.0 5.0 2.0 13.0 6.0 12.0 0.0
0.0 3.2 0.8 7.2 0.0 10.4 0.0 3.2 4.8 8.0 0.0 4.8 0.0 12.0 0.0 12.0 2.4 3.2 3.2 8.8 0.0 2.4 3.2 12.0 0.0 4.8 0.0 10.4 0.0 5.6 0.0 6.4 0.0 8.0 0.0 11.2 3.2 12.0 0.0 10.4 0.0 8.8 0.0 4.0 4.0 12.0 4.0 2.4 0.0 3.2 0.0 12.0 1.6 4.8 0.8 4.8 0.0 2.4 4.0 8.8 0.0 8.0 0.0 3.2 0.0 4.8 2.4 4.0 2.4 10.4 2.4 7.2 2.4 4.0 1.6 10.4 4.8 9.6 0.0
0.0 3.2 0.0 7.2 4.8 10.4 0.0 3.2 4.8 8.0 0.0 4.8 0.0 12.0 0.0 12.0 2.4 3.2 3.2 8.8 0.0 2.4 3.2 12.0 0.0 4.8 0.0 10.4 3.2 5.6 3.2 6.4 0.0 8.0 0.0 11.2 0.0 12.0 1.6 10.4 0.0 8.8 0.0 4.0 4.0 12.0 0.0 2.4 0.0 3.2 0.0 12.0 1.6 4.8 0.8 4.8 0.0 2.4 0.0 8.8 2.4 8.0 4.0 3.2 4.0 4.8 0.0 4.0 0.0 10.4 0.0 7.2 0.0 4.0 1.6 10.4 4.8 9.6 0.0
0.9 3.6 0.0 8.2 0.0 11.8 0.0 3.6 0.0 9.1 0.0 5.5 0.9 13.6 4.5 13.6 2.7 3.6 0.0 10.0 4.5 2.7 0.0 13.6 0.0 5.5 3.6 11.8 0.0 6.4 3.6 7.3 3.6 9.1 0.0 12.7 0.0 13.6 0.0 11.8 0.0 10.0 1.8 4.5 0.0 13.6 4.5 2.7 0.0 3.6 2.7 13.6 0.0 5.5 0.9 5.5 0.0 2.7 0.0 10.0 2.7 9.1 4.5 3.6 0.0 5.5 2.7 4.5 0.0 11.8 0.0 8.2 2.7 4.5 1.8 11.8 0.0 10.9 1.8
0.0 4.0 0.0 9.0 6.0 13.0 4.0 4.0 6.0 10.0 1.0 6.0 0.0 15.0 0.0 15.0 0.0 4.0 4.0 11.0 5.0 3.0 4.0 15.0 2.0 6.0 4.0 13.0 4.0 7.0 4.0 8.0 4.0 10.0 4.0 14.0 4.0 15.0 2.0 13.0 6.0 11.0 0.0 5.0 5.0 15.0 5.0 3.0 4.0 4.0 0.0 15.0 2.0 6.0 1.0 6.0 5.0 3.0 5.0 11.0 0.0 10.0 0.0 4.0 5.0 6.0 0.0 5.0 0.0 13.0 3.0 9.0 0.0 5.0 2.0 13.0 6.0 12.0 2.0
0.0 3.6 0.0 8.2 0.0 11.8 3.6 3.6 0.0 9.1 0.0 5.5 0.9 13.6 4.5 13.6 2.7 3.6 3.6 10.0 4.5 2.7 0.0 13.6 0.0 5.5 0.0 11.8 3.6 6.4 0.0 7.3 0.0 9.1 3.6 12.7 3.6 13.6 1.8 11.8 5.5 10.0 1.8 4.5 0.0 13.6 4.5 2.7 3.6 3.6 0.0 13.6 0.0 5.5 0.9 5.5 0.0 2.7 4.5 10.0 2.7 9.1 0.0 3.6 0.0 5.5 0.0 4.5 0.0 11.8 2.7 8.2 2.7 4.5 0.0 11.8 0.0 10.9 1.8
1.3 5.3 1.3 12.0 8.0 17.3 5.3 5.3 8.0 13.3 1.3 8.0 1.3 20.0 6.7 20.0 4.0 5.3 5.3 14.7 6.7 4.0 5.3 20.0 2.7 8.0 5.3 17.3 5.3 9.3 5.3 10.7 5.3 13.3 5.3 18.7 5.3 20.0 2.7 17.3 8.0 14.7 2.7 6.7 6.7 20.0 6.7 4.0 5.3 5.3 4.0 20.0 2.7 8.0 1.3 8.0 6.7 4.0 6.7 14.7 4.0 13.3 6.7 5.3 6.7 8.0 4.0 6.7 4.0 17.3 4.0 12.0 4.0 6.7 2.7 17.3 8.0 16.0 2.7
0.9 3.6 0.0 8.2 0.0 11.8 0.0 3.6 0.0 9.1 0.0 5.5 0.9 13.6 4.5 13.6 0.0 3.6 3.6 10.0 0.0 2.7 0.0 13.6 0.0 5.5 3.6 11.8 3.6 6.4 3.6 7.3 0.0 9.1 3.6 12.7 3.6 13.6 1.8 11.8 0.0 10.0 1.8 4.5 4.5 13.6 4.5 2.7 3.6 3.6 2.7 13.6 0.0 5.5 0.9 5.5 0.0 2.7 4.5 10.0 0.0 9.1 0.0 3.6 0.0 5.5 2.7 4.5 0.0 11.8 0.0 8.2 2.7 4.5 1.8 11.8 5.5 10.9 0.0
1.0 4.0 1.0 9.0 0.0 13.0 4.0 4.0 6.0 10.0 1.0 6.0 1.0 15.0 0.0 15.0 0.0 4.0 4.0 11.0 5.0 3.0 4.0 15.0 0.0 6.0 4.0 13.0 4.0 7.0 4.0 8.0 4.0 10.0 0.0 14.0 4.0 15.0 0.0 13.0 6.0 11.0 2.0 5.0 0.0 15.0 5.0 3.0 0.0 4.0 3.0 15.0 0.0 6.0 1.0 6.0 0.0 3.0 0.0 11.0 3.0 10.0 5.0 4.0 5.0 6.0 0.0 5.0 3.0 13.0 0.0 9.0 3.0 5.0 0.0 13.0 6.0 12.0 0.0
1.0 4.0 1.0 9.0 6.0 13.0 4.0 4.0 6.0 10.0 1.0 6.0 1.0 15.0 5.0 15.0 3.0 4.0 4.0 11.0 5.0 3.0 4.0 15.0 2.0 6.0 4.0 13.0 4.0 7.0 4.0 8.0 4.0 10.0 4.0 14.0 4.0 15.0 2.0 13.0 6.0 11.0 2.0 5.0 5.0 15.0 5.0 3.0 4.0 4.0 3.0 15.0 2.0 6.0 1.0 6.0 5.0 3.0 5.0 11.0 3.0 10.0 5.0 4.0 5.0 6.0 3.0 5.0 3.0 13.0 3.0 9.0 3.0 5.0 2.0 13.0 6.0 12.0 2.0
0.0 3.2 0.8 7.2 4.8 10.4 0.0 3.2 0.0 8.0 0.0 4.8 0.8 12.0 0.0 12.0 2.4 3.2 3.2 8.8 0.0 2.4 0.0 12.0 1.6 4.8 0.0 10.4 0.0 5.6 3.2 6.4 0.0 8.0 3.2 11.2 0.0 12.0 0.0 10.4 0.0 8.8 0.0 4.0 0.0 12.0 4.0 2.4 0.0 3.2 0.0 12.0 0.0 4.8 0.0 4.8 4.0 2.4 4.0 8.8 2.4 8.0 0.0 3.2 0.0 4.8 0.0 4.0 0.0 10.4 0.0 7.2 0.0 4.0 0.0 10.4 0.0 9.6 1.6
0.0 2.9 0.7 6.4 4.3 9.3 2.9 2.9 0.0 7.1 0.7 4.3 0.7 10.7 0.0 10.7 2.1 2.9 0.0 7.9 0.0 2.1 0.0 10.7 0.0 4.3 0.0 9.3 0.0 5.0 0.0 5.7 0.0 7.1 0.0 10.0 0.0 10.7 0.0 9.3 0.0 7.9 0.0 3.6 3.6 10.7 0.0 2.1 2.9 2.9 0.0 10.7 0.0 4.3 0.0 4.3 0.0 2.1 3.6 7.9 2.1 7.1 0.0 2.9 3.6 4.3 2.1 3.6 0.0 9.3 0.0 6.4 0.0 3.6 0.0 9.3 0.0 8.6 1.4
1.0 4.0 1.0 9.0 6.0 13.0 4.0 4.0 6.0 10.0 1.0 6.0 1.0 15.0 5.0 15.0 3.0 4.0 4.0 11.0 5.0 3.0 4.0 15.0 2.0 6.0 4.0 13.0 4.0 7.0 4.0 8.0 4.0 10.0 4.0 14.0 4.0 15.0 2.0 13.0 6.0 11.0 2.0 5.0 5.0 15.0 5.0 3.0 4.0 4.0 3.0 15.0 2.0 6.0 1.0 6.0 5.0 3.0 5.0 11.0 3.0 10.0 5.0 4.0 5.0 6.0 3.0 5.0 3.0 13.0 3.0 9.0 3.0 5.0 2.0 13.0 6.0 12.0 2.0
0.0 3.2 0.0 7.2 4.8 10.4 0.0 3.2 0.0 8.0 0.8 4.8 0.8 12.0 4.0 12.0 0.0 3.2 3.2 8.8 4.0 2.4 3.2 12.0 0.0 4.8 3.2 10.4 3.2 5.6 0.0 6.4 0.0 8.0 0.0 11.2 0.0 12.0 0.0 10.4 0.0 8.8 1.6 4.0 0.0 12.0 0.0 2.4 0.0 3.2 2.4 12.0 0.0 4.8 0.8 4.8 0.0 2.4 0.0 8.8 2.4 8.0 0.0 3.2 0.0 4.8 2.4 4.0 0.0 10.4 0.0 7.2 2.4 4.0 0.0 10.4 0.0 9.6 0.0
0.0 3.2 0.0 7.2 4.8 10.4 0.0 3.2 0.0 8.0 0.0 4.8 0.0 12.0 4.0 12.0 2.4 3.2 3.2 8.8 4.0 2.4 0.0 12.0 1.6 4.8 0.0 10.4 0.0 5.6 3.2 6.4 3.2 8.0 3.2 11.2 0.0 12.0 0.0 10.4 0.0 8.8 0.0 4.0 4.0 12.0 4.0 2.4 0.0 3.2 2.4 12.0 0.0 4.8 0.0 4.8 4.0 2.4 0.0 8.8 2.4 8.0 0.0 3.2 0.0 4.8 2.4 4.0 0.0 10.4 0.0 7.2 0.0 4.0 1.6 10.4 4.8 9.6 0.0
1.0 4.0 1.0 9.0 6.0 13.0 4.0 4.0 6.0 10.0 1.0 6.0 1.0 15.0 5.0 15.0 3.0 4.0 4.0 11.0 5.0 3.0 4.0 15.0 2.0 6.0 4.0 13.0 4.0 7.0 4.0 8.0 4.0 10.0 4.0 14.0 4.0 15.0 2.0 13.0 6.0 11.0 2.0 5.0 5.0 15.0 5.0 3.0 4.0 4.0 3.0 15.0 2.0 6.0 1.0 6.0 5.0 3.0 5.0 11.0 3.0 10.0 5.0 4.0 5.0 6.0 3.0 5.0 3.0 13.0 3.0 9.0 3.0 5.0 2.0 13.0 6.0 12.0 2.0
0.7 2.9 0.7 6.4 0.0 9.3 2.9 2.9 4.3 7.1 0.7 4.3 0.0 10.7 0.0 10.7 0.0 2.9 0.0 7.9 3.6 2.1 0.0 10.7 0.0 4.3 2.9 9.3 0.0 5.0 2.9 5.7 0.0 7.1 0.0 10.0 0.0 10.7 1.4 9.3 0.0 7.9 0.0 3.6 0.0 10.7 0.0 2.1 0.0 2.9 2.1 10.7 0.0 4.3 0.0 4.3 0.0 2.1 0.0 7.9 2.1 7.1 0.0 2.9 0.0 4.3 2.1 3.6 2.1 9.3 0.0 6.4 2.1 3.6 1.4 9.3 4.3 8.6 1.4
1.0 4.0 0.0 9.0 6.0 13.0 0.0 4.0 0.0 10.0 1.0 6.0 0.0 15.0 5.0 15.0 3.0 4.0 0.0 11.0 5.0 3.0 4.0 15.0 2.0 6.0 4.0 13.0 0.0 7.0 4.0 8.0 4.0 10.0 4.0 14.0 4.0 15.0 0.0 13.0 6.0 11.0 2.0 5.0 5.0 15.0 5.0 3.0 4.0 4.0 0.0 15.0 0.0 6.0 1.0 6.0 5.0 3.0 5.0 11.0 3.0 10.0 0.0 4.0 0.0 6.0 3.0 5.0 0.0 13.0 3.0 9.0 3.0 5.0 2.0 13.0 6.0 12.0 0.0
0.0 2.9 0.0 6.4 4.3 9.3 0.0 2.9 0.0 7.1 0.0 4.3 0.0 10.7 3.6 10.7 0.0 2.9 2.9 7.9 0.0 2.1 0.0 10.7 0.0 4.3 0.0 9.3 0.0 5.0 2.9 5.7 0.0 7.1 2.9 10.0 2.9 10.7 1.4 9.3 0.0 7.9 1.4 3.6 0.0 10.7 3.6 2.1 2.9 2.9 0.0 10.7 1.4 4.3 0.0 4.3 3.6 2.1 3.6 7.9 0.0 7.1 0.0 2.9 0.0 4.3 0.0 3.6 2.1 9.3 0.0 6.4 0.0 3.6 1.4 9.3 0.0 8.6 1.4
1.0 4.0 1.0 9.0 6.0 13.0 4.0 4.0 6.0 10.0 1.0 6.0 1.0 15.0 5.0 15.0 3.0 4.0 4.0 11.0 5.0 3.0 4.0 15.0 2.0 6.0 4.0 13.0 4.0 7.0 4.0 8.0 4.0 10.0 4.0 14.0 4.0 15.0 2.0 13.0 6.0 11.0 2.0 5.0 5.0 15.0 5.0 3.0 4.0 4.0 3.0 15.0 2.0 6.0 1.0 6.0 5.0 3.0 5.0 11.0 3.0 10.0 5.0 4.0 5.0 6.0 3.0 5.0 3.0 13.0 3.0 9.0 3.0 5.0 2.0 13.0 6.0 12.0 2.0
9.0 10.0 14.0 15.0 24.0 30.0 43.0 47.0 51.0 57.0 67.0 68.0 74.0 75.0 90.0 95.0 110.0 113.0 117.0 121.0 132.0 137.0 140.0 144.0 159.0 161.0 167.0 171.0 184.0 188.0 195.0 199.0 207.0 211.0 221.0 225.0 239.0 243.0 258.0 260.0 273.0 279.0 290.0 292.0 297.0 302.0 317.0 322.0 325.0 329.0 333.0 336.0 351.0 353.0 359.0 360.0 366.0 371.0 374.0 379.0 390.0 393.0 403.0 408.0 412.0 417.0 423.0 426.0 431.0 434.0 447.0 450.0 459.0 462.0 467.0 469.0 482.0 488.0 500.0
16.0 17.0 21.0 22.0 31.0 37.0 50.0 54.0 58.0 64.0 74.0 75.0 81.0 82.0 97.0 102.0 117.0 120.0 124.0 128.0 139.0 144.0 147.0 151.0 166.0 168.0 174.0 178.0 191.0 195.0 202.0 206.0 214.0 218.0 228.0 232.0 246.0 250.0 265.0 267.0 280.0 286.0 297.0 299.0 304.0 309.0 324.0 329.0 332.0 336.0 340.0 343.0 358.0 360.0 366.0 367.0 373.0 378.0 381.0 386.0 397.0 400.0 410.0 415.0 419.0 424.0 430.0 433.0 438.0 441.0 454.0 457.0 466.0 469.0 474.0 476.0 489.0 495.0 507.0
25.0 26.0 30.0 31.0 40.0 46.0 59.0 63.0 67.0 73.0 83.0 84.0 90.0 91.0 106.0 111.0 126.0 129.0 133.0 137.0 148.0 153.0 156.0 160.0 175.0 177.0 183.0 187.0 200.0 204.0 211.0 215.0 223.0 227.0 237.0 241.0 255.0 259.0 274.0 276.0 289.0 295.0 306.0 308.0 313.0 318.0 333.0 338.0 341.0 345.0 349.0 352.0 367.0 369.0 375.0 376.0 382.0 387.0 390.0 395.0 406.0 409.0 419.0 424.0 428.0 433.0 439.0 442.0 447.0 450.0 463.0 466.0 475.0 478.0 483.0 485.0 498.0 504.0 516.0
35.0 35.7 38.6 39.3 45.7 45.7 55.0 55.0 57.9 57.9 65.0 65.0 69.3 70.0 80.7 84.3 95.0 95.0 97.9 97.9 105.7 105.7 107.9 107.9 118.6 118.6 122.9 125.7 135.0 137.9 142.9 142.9 148.6 151.4 158.6 158.6 168.6 168.6 179.3 179.3 188.6 192.9 200.7 200.7 204.3 207.9 218.6 222.1 224.3 224.3 227.1 229.3 240.0 241.4 245.7 245.7 250.0 250.0 252.1 252.1 260.0 260.0 267.1 270.7 273.6 277.1 281.4 281.4 285.0 285.0 294.3 294.3 300.7 300.7 304.3 304.3 313.6 317.9 326.4
40.0 41.0 45.0 46.0 55.0 61.0 74.0 78.0 82.0 88.0 98.0 99.0 105.0 106.0 121.0 126.0 141.0 144.0 148.0 152.0 163.0 168.0 171.0 175.0 190.0 192.0 198.0 202.0 215.0 219.0 226.0 230.0 238.0 242.0 252.0 256.0 270.0 274.0 289.0 291.0 304.0 310.0 321.0 323.0 328.0 333.0 348.0 353.0 356.0 360.0 364.0 367.0 382.0 384.0 390.0 391.0 397.0 402.0 405.0 410.0 421.0 424.0 434.0 439.0 443.0 448.0 454.0 457.0 462.0 465.0 478.0 481.0 490.0 493.0 498.0 500.0 513.0 519.0 531.0
49.0 50.3 55.7 57.0 69.0 77.0 94.3 99.7 105.0 113.0 126.3 127.7 135.7 137.0 157.0 163.7 183.7 187.7 193.0 198.3 213.0 219.7 223.7 229.0 249.0 251.7 259.7 265.0 282.3 287.7 297.0 302.3 313.0 318.3 331.7 337.0 355.7 361.0 381.0 383.7 401.0 409.0 423.7 426.3 433.0 439.7 459.7 466.3 470.3 475.7 481.0 485.0 505.0 507.7 515.7 517.0 525.0 531.7 535.7 542.3 557.0 561.0 574.3 581.0 586.3 593.0 601.0 605.0 611.7 615.7 633.0 637.0 649.0 653.0 659.7 662.3 679.7 687.7 703.7
55.0 55.0 57.9 57.9 64.3 68.6 77.9 77.9 80.7 85.0 92.1 92.1 96.4 96.4 107.1 107.1 117.9 120.0 122.9 125.7 133.6 133.6 135.7 138.6 149.3 150.7 155.0 155.0 164.3 164.3 169.3 169.3 175.0 177.9 185.0 187.9 197.9 197.9 208.6 208.6 217.9 217.9 225.7 225.7 229.3 229.3 240.0 243.6 245.7 245.7 248.6 248.6 259.3 259.3 263.6 264.3 268.6 268.6 270.7 270.7 278.6 280.7 287.9 291.4 294.3 294.3 298.6 300.7 304.3 306.4 315.7 315.7 322.1 322.1 325.7 327.1 336.4 340.7 349.3
63.0 63.7 66.6 66.6 73.0 73.0 82.3 82.3 85.1 89.4 96.6 96.6 100.9 101.6 112.3 112.3 123.0 125.1 128.0 130.9 138.7 142.3 144.4 144.4 155.1 155.1 159.4 162.3 171.6 174.4 179.4 179.4 185.1 188.0 195.1 195.1 205.1 208.0 218.7 218.7 228.0 232.3 240.1 241.6 245.1 245.1 255.9 259.4 261.6 261.6 264.4 266.6 277.3 278.7 283.0 283.0 287.3 287.3 289.4 289.4 297.3 297.3 304.4 308.0 310.9 310.9 315.1 315.1 318.7 318.7 328.0 328.0 334.4 334.4 338.0 339.4 348.7 348.7 357.3
70.0 71.3 76.7 78.0 90.0 98.0 115.3 120.7 126.0 134.0 147.3 148.7 156.7 158.0 178.0 184.7 204.7 208.7 214.0 219.3 234.0 240.7 244.7 250.0 270.0 272.7 280.7 286.0 303.3 308.7 318.0 323.3 334.0 339.3 352.7 358.0 376.7 382.0 402.0 404.7 422.0 430.0 444.7 447.3 454.0 460.7 480.7 487.3 491.3 496.7 502.0 506.0 526.0 528.7 536.7 538.0 546.0 552.7 556.7 563.3 578.0 582.0 595.3 602.0 607.3 614.0 622.0 626.0 632.7 636.7 654.0 658.0 670.0 674.0 680.7 683.3 700.7 708.7 724.7
79.0 80.0 84.0 85.0 94.0 100.0 113.0 117.0 121.0 127.0 137.0 138.0 144.0 145.0 160.0 165.0 180.0 183.0 187.0 191.0 202.0 207.0 210.0 214.0 229.0 231.0 237.0 241.0 254.0 258.0 265.0 269.0 277.0 281.0 291.0 295.0 309.0 313.0 328.0 330.0 343.0 349.0 360.0 362.0 367.0 372.0 387.0 392.0 395.0 399.0 403.0 406.0 421.0 423.0 429.0 430.0 436.0 441.0 444.0 449.0 460.0 463.0 473.0 478.0 482.0 487.0 493.0 496.0 501.0 504.0 517.0 520.0 529.0 532.0 537.0 539.0 552.0 558.0 570.0
86.0 86.7 89.6 90.3 96.7 96.7 106.0 108.9 111.7 116.0 123.1 123.9 128.1 128.1 138.9 142.4 153.1 155.3 158.1 158.1 166.0 166.0 168.1 168.1 178.9 178.9 183.1 186.0 195.3 195.3 200.3 200.3 206.0 206.0 213.1 213.1 223.1 223.1 233.9 235.3 244.6 244.6 252.4 252.4 256.0 259.6 270.3 270.3 272.4 275.3 278.1 278.1 288.9 290.3 294.6 294.6 298.9 298.9 301.0 301.0 308.9 308.9 316.0 316.0 318.9 322.4 326.7 326.7 330.3 330.3 339.6 339.6 346.0 346.0 349.6 349.6 358.9 363.1 371.7
93.0 94.0 98.0 99.0 108.0 114.0 127.0 127.0 131.0 137.0 147.0 147.0 153.0 153.0 168.0 168.0 183.0 186.0 190.0 190.0 201.0 201.0 204.0 208.0 223.0 223.0 229.0 229.0 242.0 246.0 253.0 253.0 261.0 261.0 271.0 271.0 285.0 289.0 304.0 304.0 317.0 317.0 328.0 328.0 333.0 338.0 353.0 353.0 356.0 360.0 364.0 364.0 379.0 379.0 385.0 386.0 392.0 397.0 400.0 405.0 416.0 419.0 429.0 434.0 438.0 443.0 449.0 452.0 457.0 460.0 473.0 476.0 485.0 488.0 493.0 495.0 508.0 508.0 520.0
102.0 102.0 104.9 104.9 111.3 115.6 124.9 127.7 130.6 130.6 137.7 138.4 142.7 142.7 153.4 157.0 167.7 169.9 172.7 172.7 180.6 184.1 186.3 189.1 199.9 199.9 204.1 204.1 213.4 213.4 218.4 218.4 224.1 227.0 234.1 234.1 244.1 247.0 257.7 259.1 268.4 268.4 276.3 277.7 281.3 284.9 295.6 299.1 301.3 304.1 307.0 309.1 319.9 319.9 324.1 324.1 328.4 328.4 330.6 330.6 338.4 338.4 345.6 345.6 348.4 348.4 352.7 354.9 358.4 360.6 369.9 369.9 376.3 376.3 379.9 379.9 389.1 389.1 397.7
107.0 107.0 109.9 109.9 116.3 116.3 125.6 125.6 128.4 128.4 135.6 136.3 140.6 141.3 152.0 152.0 162.7 162.7 165.6 168.4 176.3 179.9 182.0 182.0 192.7 192.7 197.0 199.9 209.1 209.1 214.1 214.1 219.9 219.9 227.0 227.0 237.0 237.0 247.7 247.7 257.0 261.3 269.1 269.1 272.7 276.3 287.0 290.6 292.7 292.7 295.6 295.6 306.3 307.7 312.0 312.0 316.3 319.9 322.0 325.6 333.4 333.4 340.6 344.1 347.0 350.6 354.9 357.0 360.6 362.7 372.0 374.1 380.6 380.6 384.1 384.1 393.4 393.4 402.0
116.0 117.0 121.0 122.0 131.0 137.0 150.0 154.0 158.0 164.0 174.0 175.0 181.0 182.0 197.0 202.0 217.0 220.0 224.0 228.0 239.0 244.0 247.0 251.0 266.0 268.0 274.0 278.0 291.0 295.0 302.0 306.0 314.0 318.0 328.0 332.0 346.0 350.0 365.0 367.0 380.0 386.0 397.0 399.0 404.0 409.0 424.0 429.0 432.0 436.0 440.0 443.0 458.0 460.0 466.0 467.0 473.0 478.0 481.0 486.0 497.0 500.0 510.0 515.0 519.0 524.0 530.0 533.0 538.0 541.0 554.0 557.0 566.0 569.0 574.0 576.0 589.0 595.0 607.0
121.0 121.9 125.5 125.5 133.7 133.7 145.5 149.2 152.8 152.8 161.9 162.8 168.3 168.3 181.9 181.9 195.5 198.3 201.9 205.5 215.5 220.1 222.8 222.8 236.5 236.5 241.9 241.9 253.7 253.7 260.1 260.1 267.4 271.0 280.1 280.1 292.8 292.8 306.5 308.3 320.1 325.5 335.5 335.5 340.1 344.6 358.3 358.3 361.0 361.0 364.6 367.4 381.0 381.0 386.5 386.5 391.9 396.5 399.2 403.7 413.7 416.5 425.5 425.5 429.2 429.2 434.6 434.6 439.2 439.2 451.0 453.7 461.9 464.6 469.2 471.0 482.8 482.8 493.7
128.0 128.0 130.9 130.9 137.3 141.6 150.9 153.7 156.6 156.6 163.7 163.7 168.0 168.0 178.7 178.7 189.4 189.4 192.3 195.1 203.0 203.0 205.1 205.1 215.9 215.9 220.1 223.0 232.3 235.1 240.1 243.0 248.7 248.7 255.9 255.9 265.9 268.7 279.4 279.4 288.7 293.0 300.9 300.9 304.4 304.4 315.1 318.7 320.9 320.9 323.7 325.9 336.6 338.0 342.3 342.3 346.6 346.6 348.7 348.7 356.6 356.6 363.7 363.7 366.6 370.1 374.4 374.4 378.0 378.0 387.3 387.3 393.7 395.9 399.4 399.4 408.7 408.7 417.3
133.0 134.0 138.0 138.0 147.0 153.0 166.0 170.0 174.0 180.0 190.0 191.0 197.0 198.0 213.0 213.0 228.0 231.0 235.0 235.0 246.0 251.0 254.0 258.0 273.0 273.0 279.0 283.0 296.0 300.0 307.0 307.0 315.0 319.0 329.0 329.0 343.0 347.0 362.0 364.0 377.0 377.0 388.0 390.0 395.0 395.0 410.0 415.0 418.0 422.0 426.0 426.0 441.0 443.0 449.0 449.0 455.0 460.0 463.0 468.0 479.0 482.0 492.0 497.0 501.0 506.0 512.0 515.0 520.0 523.0 536.0 536.0 545.0 545.0 550.0 552.0 565.0 571.0 583.0
138.0 138.9 142.5 143.5 151.6 157.1 168.9 168.9 172.5 172.5 181.6 181.6 187.1 188.0 201.6 206.2 219.8 219.8 223.5 227.1 237.1 237.1 239.8 243.5 257.1 258.9 264.4 264.4 276.2 279.8 286.2 286.2 293.5 297.1 306.2 306.2 318.9 318.9 332.5 334.4 346.2 351.6 361.6 363.5 368.0 372.5 386.2 390.7 393.5 397.1 400.7 403.5 417.1 418.9 424.4 424.4 429.8 434.4 437.1 437.1 447.1 447.1 456.2 456.2 459.8 459.8 465.3 465.3 469.8 472.5 484.4 484.4 492.5 492.5 497.1 497.1 508.9 508.9 519.8
147.0 147.0 150.2 151.0 158.2 158.2 168.6 168.6 171.8 176.6 184.6 185.4 190.2 190.2 202.2 202.2 214.2 214.2 217.4 217.4 226.2 226.2 228.6 228.6 240.6 240.6 245.4 245.4 255.8 259.0 264.6 267.8 274.2 277.4 285.4 288.6 299.8 303.0 315.0 316.6 327.0 331.8 340.6 340.6 344.6 344.6 356.6 360.6 363.0 366.2 369.4 369.4 381.4 381.4 386.2 387.0 391.8 391.8 394.2 394.2 403.0 405.4 413.4 413.4 416.6 420.6 425.4 425.4 429.4 431.8 442.2 444.6 451.8 451.8 455.8 455.8 466.2 466.2 475.8
153.0 154.0 158.0 158.0 167.0 173.0 186.0 186.0 190.0 196.0 206.0 207.0 213.0 214.0 229.0 234.0 249.0 249.0 253.0 257.0 268.0 268.0 271.0 275.0 290.0 290.0 296.0 296.0 309.0 313.0 320.0 324.0 332.0 336.0 346.0 346.0 360.0 360.0 375.0 375.0 388.0 394.0 405.0 405.0 410.0 415.0 430.0 430.0 433.0 437.0 441.0 444.0 459.0 461.0 467.0 468.0 474.0 474.0 477.0 477.0 488.0 491.0 501.0 506.0 510.0 510.0 516.0 519.0 524.0 527.0 540.0 540.0 549.0 552.0 557.0 559.0 572.0 578.0 590.0
161.0 161.0 164.2 165.0 172.2 172.2 182.6 182.6 185.8 190.6 198.6 198.6 203.4 203.4 215.4 215.4 227.4 229.8 233.0 236.2 245.0 245.0 247.4 250.6 262.6 262.6 267.4 267.4 277.8 277.8 283.4 283.4 289.8 289.8 297.8 297.8 309.0 312.2 324.2 324.2 334.6 334.6 343.4 343.4 347.4 351.4 363.4 367.4 369.8 369.8 373.0 373.0 385.0 386.6 391.4 392.2 397.0 397.0 399.4 403.4 412.2 412.2 420.2 420.2 423.4 423.4 428.2 430.6 434.6 437.0 447.4 449.8 457.0 459.4 463.4 465.0 475.4 480.2 489.8
166.0 166.0 169.2 169.2 176.4 181.2 191.6 191.6 194.8 199.6 207.6 207.6 212.4 212.4 224.4 224.4 236.4 238.8 242.0 245.2 254.0 254.0 256.4 259.6 271.6 271.6 276.4 276.4 286.8 290.0 295.6 298.8 305.2 305.2 313.2 313.2 324.4 324.4 336.4 338.0 348.4 348.4 357.2 357.2 361.2 365.2 377.2 377.2 379.6 379.6 382.8 382.8 394.8 396.4 401.2 402.0 406.8 406.8 409.2 409.2 418.0 420.4 428.4 432.4 435.6 439.6 444.4 444.4 448.4 448.4 458.8 458.8 466.0 466.0 470.0 471.6 482.0 486.8 496.4
171.0 171.9 175.5 175.5 183.7 183.7 195.5 195.5 199.2 199.2 208.3 208.3 213.7 214.6 228.3 232.8 246.5 249.2 252.8 252.8 262.8 267.4 270.1 270.1 283.7 283.7 289.2 292.8 304.6 304.6 311.0 314.6 321.9 325.5 334.6 334.6 347.4 347.4 361.0 361.0 372.8 372.8 382.8 384.6 389.2 389.2 402.8 407.4 410.1 410.1 413.7 416.5 430.1 430.1 435.5 436.5 441.9 441.9 444.6 444.6 454.6 457.4 466.5 471.0 474.6 474.6 480.1 482.8 487.4 487.4 499.2 499.2 507.4 510.1 514.6 516.5 528.3 528.3 539.2
176.0 176.0 180.0 180.0 189.0 195.0 208.0 212.0 216.0 222.0 232.0 233.0 239.0 239.0 254.0 254.0 269.0 269.0 273.0 277.0 288.0 293.0 296.0 300.0 315.0 317.0 323.0 327.0 340.0 344.0 351.0 355.0 363.0 367.0 377.0 381.0 395.0 399.0 414.0 416.0 429.0 435.0 446.0 446.0 451.0 456.0 471.0 476.0 479.0 483.0 487.0 487.0 502.0 504.0 510.0 511.0 517.0 522.0 525.0 530.0 541.0 541.0 551.0 551.0 555.0 560.0 566.0 566.0 571.0 571.0 584.0 587.0 596.0 596.0 601.0 603.0 616.0 622.0 634.0
181.0 181.0 184.6 184.6 192.8 192.8 204.6 208.3 211.9 211.9 221.0 221.0 226.5 227.4 241.0 245.5 259.2 261.9 265.5 269.2 279.2 283.7 286.5 286.5 300.1 300.1 305.5 305.5 317.4 321.0 327.4 327.4 334.6 334.6 343.7 347.4 360.1 363.7 377.4 379.2 391.0 396.5 406.5 408.3 412.8 412.8 426.5 431.0 433.7 437.4 441.0 441.0 454.6 454.6 460.1 461.0 466.5 466.5 469.2 473.7 483.7 486.5 495.5 495.5 499.2 499.2 504.6 504.6 509.2 509.2 521.0 523.7 531.9 534.6 539.2 539.2 551.0 551.0 561.9
192.0 193.3 198.7 200.0 212.0 220.0 237.3 242.7 248.0 256.0 269.3 270.7 278.7 280.0 300.0 306.7 326.7 330.7 336.0 341.3 356.0 362.7 366.7 372.0 392.0 394.7 402.7 408.0 425.3 430.7 440.0 445.3 456.0 461.3 474.7 480.0 498.7 504.0 524.0 526.7 544.0 552.0 566.7 569.3 576.0 582.7 602.7 609.3 613.3 618.7 624.0 628.0 648.0 650.7 658.7 660.0 668.0 674.7 678.7 685.3 700.0 704.0 717.3 724.0 729.3 736.0 744.0 748.0 754.7 758.7 776.0 780.0 792.0 796.0 802.7 805.3 822.7 830.7 846.7
197.0 197.9 201.5 201.5 209.7 209.7 221.5 221.5 225.2 225.2 234.3 234.3 239.7 240.6 254.3 258.8 272.5 272.5 276.1 279.7 289.7 289.7 292.5 292.5 306.1 306.1 311.5 315.2 327.0 330.6 337.0 340.6 347.9 347.9 357.0 360.6 373.4 377.0 390.6 392.5 404.3 404.3 414.3 416.1 420.6 425.2 438.8 443.4 446.1 449.7 453.4 456.1 469.7 469.7 475.2 476.1 481.5 481.5 484.3 488.8 498.8 498.8 507.9 507.9 511.5 511.5 517.0 519.7 524.3 524.3 536.1 536.1 544.3 547.0 551.5 553.4 565.2 570.6 581.5
208.0 209.0 213.0 214.0 223.0 223.0 236.0 240.0 244.0 250.0 260.0 261.0 267.0 268.0 283.0 283.0 298.0 298.0 302.0 306.0 317.0 322.0 325.0 329.0 344.0 344.0 350.0 354.0 367.0 371.0 378.0 382.0 390.0 394.0 404.0 404.0 418.0 422.0 437.0 437.0 450.0 456.0 467.0 469.0 474.0 474.0 489.0 494.0 497.0 497.0 501.0 504.0 519.0 519.0 525.0 526.0 532.0 532.0 535.0 535.0 546.0 549.0 559.0 564.0 568.0 573.0 579.0 579.0 584.0 587.0 600.0 600.0 609.0 612.0 617.0 617.0 630.0 636.0 648.0
217.0 218.0 222.0 223.0 232.0 238.0 251.0 255.0 259.0 265.0 275.0 276.0 282.0 283.0 298.0 303.0 318.0 321.0 325.0 329.0 340.0 345.0 348.0 352.0 367.0 369.0 375.0 379.0 392.0 396.0 403.0 407.0 415.0 419.0 429.0 433.0 447.0 451.0 466.0 468.0 481.0 487.0 498.0 500.0 505.0 510.0 525.0 530.0 533.0 537.0 541.0 544.0 559.0 561.0 567.0 568.0 574.0 579.0 582.0 587.0 598.0 601.0 611.0 616.0 620.0 625.0 631.0 634.0 639.0 642.0 655.0 658.0 667.0 670.0 675.0 677.0 690.0 696.0 708.0
222.0 222.0 225.2 226.0 233.2 238.0 248.4 248.4 251.6 251.6 259.6 259.6 264.4 265.2 277.2 277.2 289.2 291.6 294.8 298.0 306.8 306.8 309.2 309.2 321.2 322.8 327.6 327.6 338.0 338.0 343.6 346.8 353.2 353.2 361.2 364.4 375.6 375.6 387.6 387.6 398.0 398.0 406.8 406.8 410.8 410.8 422.8 426.8 429.2 429.2 432.4 432.4 444.4 444.4 449.2 449.2 454.0 458.0 460.4 464.4 473.2 475.6 483.6 483.6 486.8 486.8 491.6 491.6 495.6 495.6 506.0 506.0 513.2 513.2 517.2 517.2 527.6 527.6 537.2
227.0 227.0 229.9 230.6 237.0 241.3 250.6 253.4 256.3 256.3 263.4 264.1 268.4 269.1 279.9 279.9 290.6 292.7 295.6 295.6 303.4 303.4 305.6 305.6 316.3 316.3 320.6 320.6 329.9 329.9 334.9 334.9 340.6 340.6 347.7 347.7 357.7 357.7 368.4 368.4 377.7 377.7 385.6 385.6 389.1 392.7 403.4 403.4 405.6 408.4 411.3 411.3 422.0 422.0 426.3 426.3 430.6 430.6 432.7 436.3 444.1 446.3 453.4 453.4 456.3 459.9 464.1 466.3 469.9 469.9 479.1 479.1 485.6 485.6 489.1 489.1 498.4 498.4 507.0
233.0 234.0 238.0 239.0 248.0 254.0 267.0 271.0 275.0 281.0 291.0 292.0 298.0 299.0 314.0 319.0 334.0 337.0 341.0 345.0 356.0 361.0 364.0 368.0 383.0 385.0 391.0 395.0 408.0 412.0 419.0 423.0 431.0 435.0 445.0 449.0 463.0 467.0 482.0 484.0 497.0 503.0 514.0 516.0 521.0 526.0 541.0 546.0 549.0 553.0 557.0 560.0 575.0 577.0 583.0 584.0 590.0 595.0 598.0 603.0 614.0 617.0 627.0 632.0 636.0 641.0 647.0 650.0 655.0 658.0 671.0 674.0 683.0 686.0 691.0 693.0 706.0 712.0 724.0
239.0 239.0 242.2 242.2 249.4 254.2 264.6 264.6 267.8 267.8 275.8 276.6 281.4 282.2 294.2 298.2 310.2 310.2 313.4 316.6 325.4 329.4 331.8 335.0 347.0 347.0 351.8 355.0 365.4 368.6 374.2 374.2 380.6 380.6 388.6 388.6 399.8 399.8 411.8 411.8 422.2 422.2 431.0 432.6 436.6 436.6 448.6 448.6 451.0 451.0 454.2 456.6 468.6 468.6 473.4 474.2 479.0 479.0 481.4 481.4 490.2 492.6 500.6 500.6 503.8 503.8 508.6 511.0 515.0 515.0 525.4 525.4 532.6 535.0 539.0 539.0 549.4 549.4 559.0
246.0 246.0 249.2 249.2 256.4 261.2 271.6 271.6 274.8 274.8 282.8 282.8 287.6 287.6 299.6 303.6 315.6 318.0 321.2 324.4 333.2 337.2 339.6 339.6 351.6 353.2 358.0 358.0 368.4 368.4 374.0 377.2 383.6 386.8 394.8 398.0 409.2 409.2 421.2 421.2 431.6 431.6 440.4 440.4 444.4 448.4 460.4 464.4 466.8 466.8 470.0 472.4 484.4 484.4 489.2 489.2 494.0 498.0 500.4 500.4 509.2 511.6 519.6 519.6 522.8 522.8 527.6 530.0 534.0 534.0 544.4 544.4 551.6 551.6 555.6 557.2 567.6 572.4 582.0
257.0 258.0 262.0 263.0 272.0 278.0 291.0 295.0 299.0 305.0 315.0 316.0 322.0 323.0 338.0 343.0 358.0 361.0 365.0 369.0 380.0 385.0 388.0 392.0 407.0 409.0 415.0 419.0 432.0 436.0 443.0 447.0 455.0 459.0 469.0 473.0 487.0 491.0 506.0 508.0 521.0 527.0 538.0 540.0 545.0 550.0 565.0 570.0 573.0 577.0 581.0 584.0 599.0 601.0 607.0 608.0 614.0 619.0 622.0 627.0 638.0 641.0 651.0 656.0 660.0 665.0 671.0 674.0 679.0 682.0 695.0 698.0 707.0 710.0 715.0 717.0 730.0 736.0 748.0
265.0 265.7 268.6 269.3 275.7 275.7 285.0 287.9 290.7 295.0 302.1 302.9 307.1 307.1 317.9 317.9 328.6 328.6 331.4 331.4 339.3 342.9 345.0 345.0 355.7 355.7 360.0 362.9 372.1 372.1 377.1 380.0 385.7 385.7 392.9 392.9 402.9 402.9 413.6 415.0 424.3 424.3 432.1 432.1 435.7 435.7 446.4 446.4 448.6 448.6 451.4 453.6 464.3 464.3 468.6 468.6 472.9 472.9 475.0 475.0 482.9 485.0 492.1 492.1 495.0 495.0 499.3 501.4 505.0 507.1 516.4 516.4 522.9 525.0 528.6 530.0 539.3 543.6 552.1
271.0 272.0 276.0 276.0 285.0 291.0 304.0 304.0 308.0 308.0 318.0 319.0 325.0 325.0 340.0 345.0 360.0 363.0 367.0 367.0 378.0 383.0 386.0 390.0 405.0 407.0 413.0 417.0 430.0 430.0 437.0 441.0 449.0 453.0 463.0 467.0 481.0 485.0 500.0 500.0 513.0 519.0 530.0 532.0 537.0 542.0 557.0 562.0 565.0 569.0 573.0 573.0 588.0 588.0 594.0 595.0 601.0 606.0 609.0 614.0 625.0 628.0 638.0 638.0 642.0 642.0 648.0 651.0 656.0 656.0 669.0 672.0 681.0 684.0 689.0 691.0 704.0 710.0 722.0
277.0 277.0 279.9 279.9 286.3 290.6 299.9 299.9 302.7 302.7 309.9 309.9 314.1 314.1 324.9 328.4 339.1 339.1 342.0 344.9 352.7 352.7 354.9 354.9 365.6 365.6 369.9 369.9 379.1 379.1 384.1 387.0 392.7 392.7 399.9 402.7 412.7 415.6 426.3 427.7 437.0 437.0 444.9 446.3 449.9 449.9 460.6 464.1 466.3 469.1 472.0 472.0 482.7 484.1 488.4 488.4 492.7 496.3 498.4 502.0 509.9 509.9 517.0 517.0 519.9 519.9 524.1 524.1 527.7 529.9 539.1 539.1 545.6 545.6 549.1 550.6 559.9 559.9 568.4
286.0 287.0 291.0 292.0 301.0 307.0 320.0 324.0 328.0 334.0 344.0 345.0 351.0 352.0 367.0 372.0 387.0 390.0 394.0 398.0 409.0 414.0 417.0 421.0 436.0 438.0 444.0 448.0 461.0 465.0 472.0 476.0 484.0 488.0 498.0 502.0 516.0 520.0 535.0 537.0 550.0 556.0 567.0 569.0 574.0 579.0 594.0 599.0 602.0 606.0 610.0 613.0 628.0 630.0 636.0 637.0 643.0 648.0 651.0 656.0 667.0 670.0 680.0 685.0 689.0 694.0 700.0 703.0 708.0 711.0 724.0 727.0 736.0 739.0 744.0 746.0 759.0 765.0 777.0