10
15
0.0 9.6 0.0 10.4 0.0 2.4 0.0 12.0 4.8 12.0 0.8 4.0 4.0 5.6 0.8 9.6 0.0 12.0 2.4
1.0 12.0 4.0 13.0 4.0 3.0 5.0 15.0 6.0 15.0 1.0 5.0 5.0 7.0 1.0 12.0 1.0 15.0 3.0
1.3 16.0 5.3 17.3 5.3 4.0 6.7 20.0 8.0 20.0 1.3 6.7 6.7 9.3 1.3 16.0 1.3 20.0 4.0
1.3 16.0 5.3 17.3 5.3 4.0 6.7 20.0 8.0 20.0 1.3 6.7 6.7 9.3 1.3 16.0 1.3 20.0 4.0
1.3 16.0 5.3 17.3 5.3 4.0 6.7 20.0 8.0 20.0 1.3 6.7 6.7 9.3 1.3 16.0 1.3 20.0 4.0
0.0 9.6 3.2 10.4 0.0 2.4 0.0 12.0 0.0 12.0 0.0 4.0 4.0 5.6 0.8 9.6 0.8 12.0 0.0
1.0 12.0 4.0 13.0 4.0 3.0 5.0 15.0 6.0 15.0 1.0 5.0 5.0 7.0 1.0 12.0 1.0 15.0 3.0
1.0 12.0 4.0 13.0 4.0 3.0 5.0 15.0 6.0 15.0 1.0 5.0 5.0 7.0 1.0 12.0 1.0 15.0 3.0
0.7 8.6 0.0 9.3 0.0 2.1 3.6 10.7 0.0 10.7 0.0 3.6 3.6 5.0 0.0 8.6 0.7 10.7 2.1
1.0 12.0 4.0 13.0 4.0 3.0 5.0 15.0 6.0 15.0 1.0 5.0 5.0 7.0 1.0 12.0 1.0 15.0 3.0
0.8 9.6 3.2 10.4 3.2 2.4 0.0 12.0 0.0 12.0 0.0 4.0 0.0 5.6 0.0 9.6 0.8 12.0 2.4
0.0 9.6 3.2 10.4 0.0 2.4 0.0 12.0 0.0 12.0 0.0 4.0 4.0 5.6 0.0 9.6 0.8 12.0 2.4
0.9 10.9 3.6 11.8 3.6 2.7 4.5 13.6 5.5 13.6 0.0 4.5 4.5 6.4 0.9 10.9 0.0 13.6 0.0
0.0 10.9 0.0 11.8 3.6 2.7 4.5 13.6 0.0 13.6 0.9 4.5 0.0 6.4 0.9 10.9 0.0 13.6 0.0
1.0 12.0 4.0 13.0 4.0 3.0 5.0 15.0 6.0 15.0 1.0 5.0 5.0 7.0 1.0 12.0 1.0 15.0 3.0
4.0 4.0 13.6 13.6 24.0 24.0 26.4 26.4 38.4 43.2 55.2 56.0 60.0 64.0 69.6 70.4 80.0 80.0 92.0
9.0 10.0 22.0 26.0 39.0 43.0 46.0 51.0 66.0 72.0 87.0 88.0 93.0 98.0 105.0 106.0 118.0 119.0 134.0
20.0 21.3 37.3 42.7 60.0 65.3 69.3 76.0 96.0 104.0 124.0 125.3 132.0 138.7 148.0 149.3 165.3 166.7 186.7
28.0 29.3 45.3 50.7 68.0 73.3 77.3 84.0 104.0 112.0 132.0 133.3 140.0 146.7 156.0 157.3 173.3 174.7 194.7
34.0 35.3 51.3 56.7 74.0 79.3 83.3 90.0 110.0 118.0 138.0 139.3 146.0 152.7 162.0 163.3 179.3 180.7 200.7
43.0 43.0 52.6 55.8 66.2 66.2 68.6 68.6 80.6 80.6 92.6 92.6 96.6 100.6 106.2 107.0 116.6 117.4 129.4
49.0 50.0 62.0 66.0 79.0 83.0 86.0 91.0 106.0 112.0 127.0 128.0 133.0 138.0 145.0 146.0 158.0 159.0 174.0
60.0 61.0 73.0 77.0 90.0 94.0 97.0 102.0 117.0 123.0 138.0 139.0 144.0 149.0 156.0 157.0 169.0 170.0 185.0
68.0 68.7 77.3 77.3 86.6 86.6 88.7 92.3 103.0 103.0 113.7 113.7 117.3 120.9 125.9 125.9 134.4 135.1 145.9
75.0 76.0 88.0 92.0 105.0 109.0 112.0 117.0 132.0 138.0 153.0 154.0 159.0 164.0 171.0 172.0 184.0 185.0 200.0
83.0 83.8 93.4 96.6 107.0 110.2 112.6 112.6 124.6 124.6 136.6 136.6 140.6 140.6 146.2 146.2 155.8 156.6 168.6
91.0 91.0 100.6 103.8 114.2 114.2 116.6 116.6 128.6 128.6 140.6 140.6 144.6 148.6 154.2 154.2 163.8 164.6 176.6
99.0 99.9 110.8 114.5 126.3 129.9 132.6 137.2 150.8 156.3 169.9 169.9 174.5 179.0 185.4 186.3 197.2 197.2 210.8
108.0 108.0 118.9 118.9 130.7 134.4 137.1 141.6 155.3 155.3 168.9 169.8 174.4 174.4 180.7 181.6 192.5 192.5 206.2
119.0 120.0 132.0 136.0 149.0 153.0 156.0 161.0 176.0 182.0 197.0 198.0 203.0 208.0 215.0 216.0 228.0 229.0 244.0