10
25
1.0 10.0 2.0 14.0 2.0 3.0 5.0 4.0 4.0 8.0 3.0 11.0 2.0 5.0 5.0 6.0 3.0 5.0 1.0
1.0 10.0 2.0 14.0 2.0 3.0 5.0 4.0 4.0 8.0 3.0 11.0 2.0 5.0 5.0 6.0 3.0 5.0 1.0
0.7 7.1 1.4 10.0 1.4 2.1 0.0 2.9 0.0 5.7 0.0 7.9 1.4 3.6 0.0 4.3 2.1 3.6 0.0
1.0 10.0 0.0 14.0 0.0 3.0 5.0 4.0 4.0 8.0 0.0 11.0 0.0 5.0 5.0 6.0 3.0 5.0 1.0
0.0 9.1 1.8 12.7 1.8 2.7 0.0 3.6 3.6 7.3 0.0 10.0 0.0 4.5 0.0 5.5 0.0 4.5 0.9
1.3 13.3 2.7 18.7 2.7 4.0 6.7 5.3 5.3 10.7 4.0 14.7 2.7 6.7 6.7 8.0 4.0 6.7 1.3
1.0 10.0 2.0 14.0 2.0 3.0 5.0 4.0 4.0 8.0 3.0 11.0 2.0 5.0 5.0 6.0 3.0 5.0 1.0
1.3 13.3 2.7 18.7 2.7 4.0 6.7 5.3 5.3 10.7 4.0 14.7 2.7 6.7 6.7 8.0 4.0 6.7 1.3
0.0 8.0 1.6 11.2 1.6 2.4 4.0 3.2 3.2 6.4 2.4 8.8 0.0 4.0 0.0 4.8 0.0 4.0 0.0
1.0 10.0 2.0 14.0 2.0 3.0 5.0 4.0 4.0 8.0 3.0 11.0 2.0 5.0 5.0 6.0 3.0 5.0 1.0
0.7 7.1 1.4 10.0 1.4 2.1 3.6 2.9 2.9 5.7 0.0 7.9 0.0 3.6 3.6 4.3 0.0 3.6 0.7
1.0 10.0 2.0 14.0 0.0 3.0 5.0 4.0 0.0 8.0 0.0 11.0 2.0 5.0 5.0 6.0 3.0 5.0 1.0
1.3 13.3 2.7 18.7 2.7 4.0 6.7 5.3 5.3 10.7 4.0 14.7 2.7 6.7 6.7 8.0 4.0 6.7 1.3
0.0 10.0 0.0 14.0 2.0 3.0 0.0 4.0 4.0 8.0 3.0 11.0 0.0 5.0 5.0 6.0 3.0 5.0 0.0
0.0 7.1 1.4 10.0 1.4 2.1 0.0 2.9 2.9 5.7 0.0 7.9 1.4 3.6 3.6 4.3 2.1 3.6 0.0
0.0 8.0 0.0 11.2 1.6 2.4 0.0 3.2 0.0 6.4 0.0 8.8 1.6 4.0 4.0 4.8 2.4 4.0 0.0
0.0 8.0 1.6 11.2 1.6 2.4 4.0 3.2 0.0 6.4 2.4 8.8 0.0 4.0 0.0 4.8 0.0 4.0 0.8
0.0 8.0 1.6 11.2 1.6 2.4 0.0 3.2 3.2 6.4 0.0 8.8 0.0 4.0 0.0 4.8 0.0 4.0 0.8
0.9 9.1 0.0 12.7 0.0 2.7 4.5 3.6 0.0 7.3 0.0 10.0 0.0 4.5 4.5 5.5 0.0 4.5 0.9
0.0 8.0 0.0 11.2 1.6 2.4 0.0 3.2 0.0 6.4 2.4 8.8 1.6 4.0 4.0 4.8 2.4 4.0 0.0
1.3 13.3 2.7 18.7 2.7 4.0 6.7 5.3 5.3 10.7 4.0 14.7 2.7 6.7 6.7 8.0 4.0 6.7 1.3
1.0 10.0 0.0 14.0 2.0 3.0 5.0 4.0 0.0 8.0 0.0 11.0 2.0 5.0 0.0 6.0 3.0 5.0 0.0
0.0 9.1 1.8 12.7 1.8 2.7 0.0 3.6 3.6 7.3 2.7 10.0 1.8 4.5 0.0 5.5 0.0 4.5 0.0
1.0 10.0 2.0 14.0 0.0 3.0 0.0 4.0 0.0 8.0 3.0 11.0 0.0 5.0 5.0 6.0 3.0 5.0 1.0
0.0 9.1 0.0 12.7 1.8 2.7 4.5 3.6 0.0 7.3 0.0 10.0 0.0 4.5 0.0 5.5 2.7 4.5 0.0
8.0 9.0 19.0 21.0 35.0 37.0 40.0 45.0 49.0 53.0 61.0 64.0 75.0 77.0 82.0 87.0 93.0 96.0 101.0
17.0 18.0 28.0 30.0 44.0 46.0 49.0 54.0 58.0 62.0 70.0 73.0 84.0 86.0 91.0 96.0 102.0 105.0 110.0
27.0 27.7 34.9 36.3 46.3 47.7 49.9 49.9 52.7 52.7 58.4 58.4 66.3 67.7 71.3 71.3 75.6 77.7 81.3
35.0 36.0 46.0 46.0 60.0 60.0 63.0 68.0 72.0 76.0 84.0 84.0 95.0 95.0 100.0 105.0 111.0 114.0 119.0
40.0 40.0 49.1 50.9 63.6 65.5 68.2 68.2 71.8 75.5 82.7 82.7 92.7 92.7 97.3 97.3 102.7 102.7 107.3
45.0 46.3 59.7 62.3 81.0 83.7 87.7 94.3 99.7 105.0 115.7 119.7 134.3 137.0 143.7 150.3 158.3 162.3 169.0
56.0 57.0 67.0 69.0 83.0 85.0 88.0 93.0 97.0 101.0 109.0 112.0 123.0 125.0 130.0 135.0 141.0 144.0 149.0
62.0 63.3 76.7 79.3 98.0 100.7 104.7 111.3 116.7 122.0 132.7 136.7 151.3 154.0 160.7 167.3 175.3 179.3 186.0
68.0 68.0 76.0 77.6 88.8 90.4 92.8 96.8 100.0 103.2 109.6 112.0 120.8 120.8 124.8 124.8 129.6 129.6 133.6
73.0 74.0 84.0 86.0 100.0 102.0 105.0 110.0 114.0 118.0 126.0 129.0 140.0 142.0 147.0 152.0 158.0 161.0 166.0
83.0 83.7 90.9 92.3 102.3 103.7 105.9 109.4 112.3 115.1 120.9 120.9 128.7 128.7 132.3 135.9 140.1 140.1 143.7
88.0 89.0 99.0 101.0 115.0 115.0 118.0 123.0 127.0 127.0 135.0 135.0 146.0 148.0 153.0 158.0 164.0 167.0 172.0
94.0 95.3 108.7 111.3 130.0 132.7 136.7 143.3 148.7 154.0 164.7 168.7 183.3 186.0 192.7 199.3 207.3 211.3 218.0
98.0 98.0 108.0 108.0 122.0 124.0 127.0 127.0 131.0 135.0 143.0 146.0 157.0 157.0 162.0 167.0 173.0 176.0 181.0
104.0 104.0 111.1 112.6 122.6 124.0 126.1 126.1 129.0 131.9 137.6 137.6 145.4 146.9 150.4 154.0 158.3 160.4 164.0
110.0 110.0 118.0 118.0 129.2 130.8 133.2 133.2 136.4 136.4 142.8 142.8 151.6 153.2 157.2 161.2 166.0 168.4 172.4
118.0 118.0 126.0 127.6 138.8 140.4 142.8 146.8 150.0 150.0 156.4 158.8 167.6 167.6 171.6 171.6 176.4 176.4 180.4
127.0 127.0 135.0 136.6 147.8 149.4 151.8 151.8 155.0 158.2 164.6 164.6 173.4 173.4 177.4 177.4 182.2 182.2 186.2
136.0 136.9 146.0 146.0 158.7 158.7 161.5 166.0 169.6 169.6 176.9 176.9 186.9 186.9 191.5 196.0 201.5 201.5 206.0
144.0 144.0 152.0 152.0 163.2 164.8 167.2 167.2 170.4 170.4 176.8 179.2 188.0 189.6 193.6 197.6 202.4 204.8 208.8
154.0 155.3 168.7 171.3 190.0 192.7 196.7 203.3 208.7 214.0 224.7 228.7 243.3 246.0 252.7 259.3 267.3 271.3 278.0
159.0 160.0 170.0 170.0 184.0 186.0 189.0 194.0 198.0 198.0 206.0 206.0 217.0 219.0 224.0 224.0 230.0 233.0 238.0
164.0 164.0 173.1 174.9 187.6 189.5 192.2 192.2 195.8 199.5 206.7 209.5 219.5 221.3 225.8 225.8 231.3 231.3 235.8
170.0 171.0 181.0 183.0 197.0 197.0 200.0 200.0 204.0 204.0 212.0 215.0 226.0 226.0 231.0 236.0 242.0 245.0 250.0
179.0 179.0 188.1 188.1 200.8 202.6 205.4 209.9 213.5 213.5 220.8 220.8 230.8 230.8 235.4 235.4 240.8 243.5 248.1