10
35
0.0 13.0 5.0 13.0 5.0 15.0 5.0 3.0 4.0 13.0 5.0 13.0 5.0 3.0 2.0 9.0 0.0 15.0 6.0
5.0 13.0 5.0 13.0 0.0 15.0 5.0 3.0 4.0 13.0 0.0 13.0 5.0 3.0 2.0 9.0 0.0 15.0 6.0
5.0 13.0 5.0 13.0 5.0 15.0 5.0 3.0 4.0 13.0 5.0 13.0 5.0 3.0 2.0 9.0 1.0 15.0 6.0
6.7 17.3 6.7 17.3 6.7 20.0 6.7 4.0 5.3 17.3 6.7 17.3 6.7 4.0 2.7 12.0 1.3 20.0 8.0
0.0 10.4 0.0 10.4 0.0 12.0 4.0 2.4 3.2 10.4 4.0 10.4 0.0 2.4 0.0 7.2 0.8 12.0 4.8
5.0 13.0 5.0 13.0 5.0 15.0 5.0 3.0 4.0 13.0 5.0 13.0 5.0 3.0 2.0 9.0 1.0 15.0 6.0
0.0 10.4 0.0 10.4 4.0 12.0 4.0 2.4 0.0 10.4 4.0 10.4 4.0 2.4 0.0 7.2 0.8 12.0 0.0
5.0 13.0 5.0 13.0 5.0 15.0 5.0 3.0 4.0 13.0 5.0 13.0 5.0 3.0 2.0 9.0 1.0 15.0 6.0
0.0 10.4 4.0 10.4 0.0 12.0 0.0 2.4 3.2 10.4 0.0 10.4 0.0 2.4 1.6 7.2 0.8 12.0 0.0
0.0 10.4 4.0 10.4 0.0 12.0 0.0 2.4 3.2 10.4 4.0 10.4 4.0 2.4 0.0 7.2 0.0 12.0 4.8
3.6 9.3 0.0 9.3 0.0 10.7 0.0 2.1 2.9 9.3 3.6 9.3 0.0 2.1 1.4 6.4 0.0 10.7 0.0
0.0 9.3 3.6 9.3 3.6 10.7 0.0 2.1 0.0 9.3 3.6 9.3 3.6 2.1 1.4 6.4 0.0 10.7 0.0
0.0 9.3 3.6 9.3 0.0 10.7 0.0 2.1 2.9 9.3 0.0 9.3 0.0 2.1 1.4 6.4 0.0 10.7 4.3
3.6 9.3 3.6 9.3 0.0 10.7 3.6 2.1 2.9 9.3 0.0 9.3 3.6 2.1 0.0 6.4 0.0 10.7 4.3
6.7 17.3 6.7 17.3 6.7 20.0 6.7 4.0 5.3 17.3 6.7 17.3 6.7 4.0 2.7 12.0 1.3 20.0 8.0
3.6 9.3 0.0 9.3 0.0 10.7 3.6 2.1 2.9 9.3 0.0 9.3 0.0 2.1 1.4 6.4 0.7 10.7 0.0
5.0 13.0 5.0 13.0 5.0 15.0 5.0 3.0 4.0 13.0 5.0 13.0 5.0 3.0 2.0 9.0 1.0 15.0 6.0
0.0 11.8 0.0 11.8 0.0 13.6 4.5 2.7 0.0 11.8 0.0 11.8 4.5 2.7 1.8 8.2 0.9 13.6 0.0
5.0 13.0 5.0 13.0 5.0 15.0 5.0 3.0 4.0 13.0 5.0 13.0 5.0 3.0 2.0 9.0 1.0 15.0 6.0
5.0 13.0 5.0 13.0 5.0 15.0 5.0 3.0 4.0 13.0 5.0 13.0 0.0 3.0 2.0 9.0 1.0 15.0 0.0
0.0 9.3 3.6 9.3 0.0 10.7 0.0 2.1 2.9 9.3 0.0 9.3 0.0 2.1 1.4 6.4 0.7 10.7 0.0
5.0 13.0 5.0 13.0 5.0 15.0 5.0 3.0 4.0 13.0 5.0 13.0 5.0 3.0 2.0 9.0 1.0 15.0 6.0
0.0 9.3 3.6 9.3 3.6 10.7 0.0 2.1 2.9 9.3 3.6 9.3 0.0 2.1 0.0 6.4 0.0 10.7 4.3
0.0 13.0 0.0 13.0 5.0 15.0 5.0 3.0 4.0 13.0 5.0 13.0 0.0 3.0 0.0 9.0 1.0 15.0 6.0
5.0 13.0 0.0 13.0 5.0 15.0 5.0 3.0 4.0 13.0 5.0 13.0 5.0 3.0 2.0 9.0 1.0 15.0 0.0
5.0 13.0 5.0 13.0 5.0 15.0 5.0 3.0 4.0 13.0 5.0 13.0 5.0 3.0 2.0 9.0 1.0 15.0 6.0
5.0 13.0 5.0 13.0 5.0 15.0 5.0 3.0 4.0 13.0 5.0 13.0 5.0 3.0 2.0 9.0 1.0 15.0 6.0
4.0 10.4 4.0 10.4 4.0 12.0 4.0 2.4 3.2 10.4 0.0 10.4 0.0 2.4 0.0 7.2 0.8 12.0 4.8
4.0 10.4 0.0 10.4 0.0 12.0 4.0 2.4 3.2 10.4 0.0 10.4 0.0 2.4 0.0 7.2 0.0 12.0 0.0
6.7 17.3 6.7 17.3 6.7 20.0 6.7 4.0 5.3 17.3 6.7 17.3 6.7 4.0 2.7 12.0 1.3 20.0 8.0
5.0 13.0 5.0 13.0 5.0 15.0 0.0 3.0 4.0 13.0 5.0 13.0 5.0 3.0 0.0 9.0 1.0 15.0 0.0
5.0 13.0 5.0 13.0 5.0 15.0 5.0 3.0 4.0 13.0 5.0 13.0 5.0 3.0 2.0 9.0 1.0 15.0 6.0
3.6 9.3 0.0 9.3 3.6 10.7 0.0 2.1 2.9 9.3 0.0 9.3 3.6 2.1 1.4 6.4 0.7 10.7 0.0
5.0 13.0 5.0 13.0 5.0 15.0 5.0 3.0 4.0 13.0 5.0 13.0 5.0 3.0 2.0 9.0 1.0 15.0 6.0
5.0 13.0 5.0 13.0 5.0 15.0 5.0 3.0 4.0 13.0 5.0 13.0 5.0 3.0 2.0 9.0 1.0 15.0 6.0
8.0 8.0 21.0 26.0 39.0 44.0 59.0 64.0 67.0 71.0 84.0 89.0 102.0 107.0 110.0 112.0 121.0 121.0 136.0
23.0 28.0 41.0 46.0 59.0 59.0 74.0 79.0 82.0 86.0 99.0 99.0 112.0 117.0 120.0 122.0 131.0 131.0 146.0
32.0 37.0 50.0 55.0 68.0 73.0 88.0 93.0 96.0 100.0 113.0 118.0 131.0 136.0 139.0 141.0 150.0 151.0 166.0
43.0 49.7 67.0 73.7 91.0 97.7 117.7 124.3 128.3 133.7 151.0 157.7 175.0 181.7 185.7 188.3 200.3 201.7 221.7
53.0 53.0 63.4 63.4 73.8 73.8 85.8 89.8 92.2 95.4 105.8 109.8 120.2 120.2 122.6 122.6 129.8 130.6 142.6
63.0 68.0 81.0 86.0 99.0 104.0 119.0 124.0 127.0 131.0 144.0 149.0 162.0 167.0 170.0 172.0 181.0 182.0 197.0
72.0 72.0 82.4 82.4 92.8 96.8 108.8 112.8 115.2 115.2 125.6 129.6 140.0 144.0 146.4 146.4 153.6 154.4 166.4
83.0 88.0 101.0 106.0 119.0 124.0 139.0 144.0 147.0 151.0 164.0 169.0 182.0 187.0 190.0 192.0 201.0 202.0 217.0
91.0 91.0 101.4 105.4 115.8 115.8 127.8 127.8 130.2 133.4 143.8 143.8 154.2 154.2 156.6 158.2 165.4 166.2 178.2
97.0 97.0 107.4 111.4 121.8 121.8 133.8 133.8 136.2 139.4 149.8 153.8 164.2 168.2 170.6 170.6 177.8 177.8 189.8
109.0 112.6 121.9 121.9 131.1 131.1 141.9 141.9 144.0 146.9 156.1 159.7 169.0 169.0 171.1 172.6 179.0 179.0 189.7
116.0 116.0 125.3 128.9 138.1 141.7 152.4 152.4 154.6 154.6 163.9 167.4 176.7 180.3 182.4 183.9 190.3 190.3 201.0
122.0 122.0 131.3 134.9 144.1 144.1 154.9 154.9 157.0 159.9 169.1 169.1 178.4 178.4 180.6 182.0 188.4 188.4 199.1
131.0 134.6 143.9 147.4 156.7 156.7 167.4 171.0 173.1 176.0 185.3 185.3 194.6 198.1 200.3 200.3 206.7 206.7 217.4
145.0 151.7 169.0 175.7 193.0 199.7 219.7 226.3 230.3 235.7 253.0 259.7 277.0 283.7 287.7 290.3 302.3 303.7 323.7
154.0 157.6 166.9 166.9 176.1 176.1 186.9 190.4 192.6 195.4 204.7 204.7 214.0 214.0 216.1 217.6 224.0 224.7 235.4
168.0 173.0 186.0 191.0 204.0 209.0 224.0 229.0 232.0 236.0 249.0 254.0 267.0 272.0 275.0 277.0 286.0 287.0 302.0
172.0 172.0 183.8 183.8 195.6 195.6 209.3 213.8 216.5 216.5 228.4 228.4 240.2 244.7 247.5 249.3 257.5 258.4 272.0
182.0 187.0 200.0 205.0 218.0 223.0 238.0 243.0 246.0 250.0 263.0 268.0 281.0 286.0 289.0 291.0 300.0 301.0 316.0
194.0 199.0 212.0 217.0 230.0 235.0 250.0 255.0 258.0 262.0 275.0 280.0 293.0 293.0 296.0 298.0 307.0 308.0 323.0
200.0 200.0 209.3 212.9 222.1 222.1 232.9 232.9 235.0 237.9 247.1 247.1 256.4 256.4 258.6 260.0 266.4 267.1 277.9
211.0 216.0 229.0 234.0 247.0 252.0 267.0 272.0 275.0 279.0 292.0 297.0 310.0 315.0 318.0 320.0 329.0 330.0 345.0
216.0 216.0 225.3 228.9 238.1 241.7 252.4 252.4 254.6 257.4 266.7 270.3 279.6 279.6 281.7 281.7 288.1 288.1 298.9
220.0 220.0 233.0 233.0 246.0 251.0 266.0 271.0 274.0 278.0 291.0 296.0 309.0 309.0 312.0 312.0 321.0 322.0 337.0
230.0 235.0 248.0 248.0 261.0 266.0 281.0 286.0 289.0 293.0 306.0 311.0 324.0 329.0 332.0 334.0 343.0 344.0 359.0
242.0 247.0 260.0 265.0 278.0 283.0 298.0 303.0 306.0 310.0 323.0 328.0 341.0 346.0 349.0 351.0 360.0 361.0 376.0
256.0 261.0 274.0 279.0 292.0 297.0 312.0 317.0 320.0 324.0 337.0 342.0 355.0 360.0 363.0 365.0 374.0 375.0 390.0
270.0 274.0 284.4 288.4 298.8 302.8 314.8 318.8 321.2 324.4 334.8 334.8 345.2 345.2 347.6 347.6 354.8 355.6 367.6
282.0 286.0 296.4 296.4 306.8 306.8 318.8 322.8 325.2 328.4 338.8 338.8 349.2 349.2 351.6 351.6 358.8 358.8 370.8
295.0 301.7 319.0 325.7 343.0 349.7 369.7 376.3 380.3 385.7 403.0 409.7 427.0 433.7 437.7 440.3 452.3 453.7 473.7
309.0 314.0 327.0 332.0 345.0 350.0 365.0 365.0 368.0 372.0 385.0 390.0 403.0 408.0 411.0 411.0 420.0 421.0 436.0
318.0 323.0 336.0 341.0 354.0 359.0 374.0 379.0 382.0 386.0 399.0 404.0 417.0 422.0 425.0 427.0 436.0 437.0 452.0
326.0 329.6 338.9 338.9 348.1 351.7 362.4 362.4 364.6 367.4 376.7 376.7 386.0 389.6 391.7 393.1 399.6 400.3 411.0
335.0 340.0 353.0 358.0 371.0 376.0 391.0 396.0 399.0 403.0 416.0 421.0 434.0 439.0 442.0 444.0 453.0 454.0 469.0
348.0 353.0 366.0 371.0 384.0 389.0 404.0 409.0 412.0 416.0 429.0 434.0 447.0 452.0 455.0 457.0 466.0 467.0 482.0