10
50
2.0 3.0 6.0 9.0 4.0 8.0 3.0 4.0 1.0 15.0 3.0 12.0 3.0 4.0 3.0 7.0 2.0 5.0 3.0
1.4 2.1 0.0 6.4 2.9 5.7 2.1 2.9 0.7 10.7 2.1 8.6 0.0 2.9 2.1 5.0 1.4 3.6 0.0
0.0 3.0 6.0 9.0 0.0 8.0 0.0 4.0 1.0 15.0 3.0 12.0 3.0 4.0 3.0 7.0 2.0 5.0 3.0
2.7 4.0 8.0 12.0 5.3 10.7 4.0 5.3 1.3 20.0 4.0 16.0 4.0 5.3 4.0 9.3 2.7 6.7 4.0
0.0 3.0 0.0 9.0 4.0 8.0 3.0 4.0 1.0 15.0 3.0 12.0 0.0 4.0 3.0 7.0 2.0 5.0 3.0
1.6 2.4 4.8 7.2 3.2 6.4 2.4 3.2 0.0 12.0 2.4 9.6 2.4 3.2 0.0 5.6 0.0 4.0 0.0
0.0 2.4 0.0 7.2 3.2 6.4 2.4 3.2 0.0 12.0 2.4 9.6 0.0 3.2 0.0 5.6 1.6 4.0 0.0
0.0 2.1 0.0 6.4 2.9 5.7 0.0 2.9 0.7 10.7 0.0 8.6 2.1 2.9 2.1 5.0 1.4 3.6 0.0
2.7 4.0 8.0 12.0 5.3 10.7 4.0 5.3 1.3 20.0 4.0 16.0 4.0 5.3 4.0 9.3 2.7 6.7 4.0
0.0 2.1 4.3 6.4 2.9 5.7 0.0 2.9 0.7 10.7 0.0 8.6 2.1 2.9 0.0 5.0 0.0 3.6 2.1
2.0 3.0 6.0 9.0 4.0 8.0 3.0 4.0 1.0 15.0 3.0 12.0 3.0 4.0 3.0 7.0 2.0 5.0 3.0
2.0 3.0 6.0 9.0 4.0 8.0 3.0 4.0 1.0 15.0 3.0 12.0 3.0 4.0 3.0 7.0 2.0 5.0 3.0
0.0 2.4 4.8 7.2 0.0 6.4 2.4 3.2 0.8 12.0 0.0 9.6 0.0 3.2 0.0 5.6 0.0 4.0 2.4
2.7 4.0 8.0 12.0 5.3 10.7 4.0 5.3 1.3 20.0 4.0 16.0 4.0 5.3 4.0 9.3 2.7 6.7 4.0
2.0 3.0 6.0 9.0 4.0 8.0 3.0 4.0 1.0 15.0 3.0 12.0 3.0 4.0 3.0 7.0 2.0 5.0 3.0
0.0 2.4 0.0 7.2 0.0 6.4 0.0 3.2 0.8 12.0 2.4 9.6 2.4 3.2 2.4 5.6 0.0 4.0 0.0
2.0 3.0 6.0 9.0 4.0 8.0 3.0 4.0 1.0 15.0 3.0 12.0 3.0 4.0 3.0 7.0 2.0 5.0 3.0
0.0 2.7 0.0 8.2 3.6 7.3 2.7 3.6 0.0 13.6 2.7 10.9 0.0 3.6 0.0 6.4 1.8 4.5 0.0
1.4 2.1 0.0 6.4 0.0 5.7 0.0 2.9 0.0 10.7 2.1 8.6 0.0 2.9 0.0 5.0 1.4 3.6 2.1
2.0 3.0 6.0 9.0 4.0 8.0 3.0 4.0 1.0 15.0 3.0 12.0 3.0 4.0 3.0 7.0 2.0 5.0 3.0
0.0 2.1 0.0 6.4 0.0 5.7 2.1 2.9 0.7 10.7 0.0 8.6 2.1 2.9 0.0 5.0 0.0 3.6 0.0
2.7 4.0 8.0 12.0 5.3 10.7 4.0 5.3 1.3 20.0 4.0 16.0 4.0 5.3 4.0 9.3 2.7 6.7 4.0
2.0 3.0 6.0 9.0 4.0 8.0 3.0 4.0 1.0 15.0 3.0 12.0 3.0 4.0 3.0 7.0 2.0 5.0 3.0
1.6 2.4 4.8 7.2 3.2 6.4 0.0 3.2 0.8 12.0 0.0 9.6 2.4 3.2 0.0 5.6 1.6 4.0 2.4
2.0 3.0 6.0 9.0 4.0 8.0 3.0 4.0 1.0 15.0 3.0 12.0 3.0 4.0 3.0 7.0 2.0 5.0 3.0
0.0 2.7 5.5 8.2 0.0 7.3 2.7 3.6 0.9 13.6 2.7 10.9 2.7 3.6 0.0 6.4 0.0 4.5 0.0
2.0 3.0 6.0 9.0 4.0 8.0 3.0 4.0 1.0 15.0 3.0 12.0 3.0 4.0 3.0 7.0 2.0 5.0 3.0
1.8 2.7 0.0 8.2 0.0 7.3 2.7 3.6 0.0 13.6 0.0 10.9 2.7 3.6 2.7 6.4 1.8 4.5 0.0
2.7 4.0 8.0 12.0 5.3 10.7 4.0 5.3 1.3 20.0 4.0 16.0 4.0 5.3 4.0 9.3 2.7 6.7 4.0
2.7 4.0 8.0 12.0 5.3 10.7 4.0 5.3 1.3 20.0 4.0 16.0 4.0 5.3 4.0 9.3 2.7 6.7 4.0
2.0 3.0 6.0 9.0 4.0 8.0 3.0 4.0 1.0 15.0 3.0 12.0 3.0 4.0 3.0 7.0 2.0 5.0 3.0
0.0 2.4 0.0 7.2 3.2 6.4 0.0 3.2 0.0 12.0 2.4 9.6 2.4 3.2 2.4 5.6 0.0 4.0 2.4
2.7 4.0 8.0 12.0 5.3 10.7 4.0 5.3 1.3 20.0 4.0 16.0 4.0 5.3 4.0 9.3 2.7 6.7 4.0
2.7 4.0 8.0 12.0 5.3 10.7 4.0 5.3 1.3 20.0 4.0 16.0 4.0 5.3 4.0 9.3 2.7 6.7 4.0
2.0 3.0 6.0 9.0 4.0 8.0 3.0 4.0 1.0 15.0 3.0 12.0 3.0 4.0 3.0 7.0 2.0 5.0 3.0
0.0 2.1 0.0 6.4 2.9 5.7 0.0 2.9 0.0 10.7 0.0 8.6 0.0 2.9 2.1 5.0 0.0 3.6 0.0
1.6 2.4 0.0 7.2 3.2 6.4 2.4 3.2 0.8 12.0 0.0 9.6 0.0 3.2 0.0 5.6 1.6 4.0 0.0
2.0 3.0 6.0 9.0 4.0 8.0 3.0 4.0 1.0 15.0 3.0 12.0 3.0 4.0 3.0 7.0 2.0 5.0 3.0
1.8 2.7 0.0 8.2 0.0 7.3 0.0 3.6 0.0 13.6 2.7 10.9 2.7 3.6 2.7 6.4 0.0 4.5 2.7
0.0 2.7 5.5 8.2 3.6 7.3 0.0 3.6 0.9 13.6 0.0 10.9 0.0 3.6 2.7 6.4 1.8 4.5 0.0
1.4 2.1 0.0 6.4 0.0 5.7 2.1 2.9 0.0 10.7 0.0 8.6 0.0 2.9 0.0 5.0 1.4 3.6 2.1
2.0 3.0 6.0 9.0 0.0 8.0 3.0 4.0 0.0 15.0 0.0 12.0 3.0 4.0 3.0 7.0 2.0 5.0 3.0
0.0 3.0 6.0 9.0 4.0 8.0 3.0 4.0 0.0 15.0 3.0 12.0 3.0 4.0 0.0 7.0 2.0 5.0 3.0
2.0 3.0 6.0 9.0 4.0 8.0 3.0 4.0 1.0 15.0 3.0 12.0 3.0 4.0 3.0 7.0 2.0 5.0 3.0
1.4 2.1 0.0 6.4 0.0 5.7 2.1 2.9 0.7 10.7 0.0 8.6 2.1 2.9 2.1 5.0 0.0 3.6 0.0
2.7 4.0 8.0 12.0 5.3 10.7 4.0 5.3 1.3 20.0 4.0 16.0 4.0 5.3 4.0 9.3 2.7 6.7 4.0
1.8 2.7 0.0 8.2 3.6 7.3 0.0 3.6 0.9 13.6 0.0 10.9 2.7 3.6 2.7 6.4 0.0 4.5 2.7
0.0 2.7 5.5 8.2 0.0 7.3 0.0 3.6 0.9 13.6 0.0 10.9 2.7 3.6 0.0 6.4 1.8 4.5 0.0
2.0 3.0 6.0 9.0 4.0 8.0 3.0 4.0 1.0 15.0 3.0 12.0 3.0 4.0 3.0 7.0 2.0 5.0 3.0
2.0 3.0 6.0 9.0 4.0 8.0 3.0 4.0 1.0 15.0 3.0 12.0 3.0 4.0 3.0 7.0 2.0 5.0 3.0
8.0 10.0 13.0 19.0 28.0 32.0 40.0 43.0 47.0 48.0 63.0 66.0 78.0 81.0 85.0 88.0 95.0 97.0 102.0
17.0 18.4 20.6 20.6 27.0 29.9 35.6 37.7 40.6 41.3 52.0 54.1 62.7 62.7 65.6 67.7 72.7 74.1 77.7
21.0 21.0 24.0 30.0 39.0 39.0 47.0 47.0 51.0 52.0 67.0 70.0 82.0 85.0 89.0 92.0 99.0 101.0 106.0
31.0 33.7 37.7 45.7 57.7 63.0 73.7 77.7 83.0 84.3 104.3 108.3 124.3 128.3 133.7 137.7 147.0 149.7 156.3
41.0 41.0 44.0 44.0 53.0 57.0 65.0 68.0 72.0 73.0 88.0 91.0 103.0 103.0 107.0 110.0 117.0 119.0 124.0
50.0 51.6 54.0 58.8 66.0 69.2 75.6 78.0 81.2 81.2 93.2 95.6 105.2 107.6 110.8 110.8 116.4 116.4 120.4
58.0 58.0 60.4 60.4 67.6 70.8 77.2 79.6 82.8 82.8 94.8 97.2 106.8 106.8 110.0 110.0 115.6 117.2 121.2
63.0 63.0 65.1 65.1 71.6 74.4 80.1 80.1 83.0 83.7 94.4 94.4 103.0 105.1 108.0 110.1 115.1 116.6 120.1
74.0 76.7 80.7 88.7 100.7 106.0 116.7 120.7 126.0 127.3 147.3 151.3 167.3 171.3 176.7 180.7 190.0 192.7 199.3
79.0 79.0 81.1 85.4 91.9 94.7 100.4 100.4 103.3 104.0 114.7 114.7 123.3 125.4 128.3 128.3 133.3 133.3 136.9
86.0 88.0 91.0 97.0 106.0 110.0 118.0 121.0 125.0 126.0 141.0 144.0 156.0 159.0 163.0 166.0 173.0 175.0 180.0
93.0 95.0 98.0 104.0 113.0 117.0 125.0 128.0 132.0 133.0 148.0 151.0 163.0 166.0 170.0 173.0 180.0 182.0 187.0
99.0 99.0 101.4 106.2 113.4 113.4 119.8 122.2 125.4 126.2 138.2 138.2 147.8 147.8 151.0 151.0 156.6 156.6 160.6
107.0 109.7 113.7 121.7 133.7 139.0 149.7 153.7 159.0 160.3 180.3 184.3 200.3 204.3 209.7 213.7 223.0 225.7 232.3
118.0 120.0 123.0 129.0 138.0 142.0 150.0 153.0 157.0 158.0 173.0 176.0 188.0 191.0 195.0 198.0 205.0 207.0 212.0
128.0 128.0 130.4 130.4 137.6 137.6 144.0 144.0 147.2 148.0 160.0 162.4 172.0 174.4 177.6 180.0 185.6 185.6 189.6
139.0 141.0 144.0 150.0 159.0 163.0 171.0 174.0 178.0 179.0 194.0 197.0 209.0 212.0 216.0 219.0 226.0 228.0 233.0
145.0 145.0 147.7 147.7 155.9 159.5 166.8 169.5 173.2 173.2 186.8 189.5 200.5 200.5 204.1 204.1 210.5 212.3 216.8
150.0 151.4 153.6 153.6 160.0 160.0 165.7 165.7 168.6 168.6 179.3 181.4 190.0 190.0 192.9 192.9 197.9 199.3 202.9
161.0 163.0 166.0 172.0 181.0 185.0 193.0 196.0 200.0 201.0 216.0 219.0 231.0 234.0 238.0 241.0 248.0 250.0 255.0
167.0 167.0 169.1 169.1 175.6 175.6 181.3 183.4 186.3 187.0 197.7 197.7 206.3 208.4 211.3 211.3 216.3 216.3 219.9
174.0 176.7 180.7 188.7 200.7 206.0 216.7 220.7 226.0 227.3 247.3 251.3 267.3 271.3 276.7 280.7 290.0 292.7 299.3
182.0 184.0 187.0 193.0 202.0 206.0 214.0 217.0 221.0 222.0 237.0 240.0 252.0 255.0 259.0 262.0 269.0 271.0 276.0
190.0 191.6 194.0 198.8 206.0 209.2 215.6 215.6 218.8 219.6 231.6 231.6 241.2 243.6 246.8 246.8 252.4 254.0 258.0
200.0 202.0 205.0 211.0 220.0 224.0 232.0 235.0 239.0 240.0 255.0 258.0 270.0 273.0 277.0 280.0 287.0 289.0 294.0
206.0 206.0 208.7 214.2 222.4 222.4 229.6 232.4 236.0 236.9 250.5 253.3 264.2 266.9 270.5 270.5 276.9 276.9 281.5
213.0 215.0 218.0 224.0 233.0 237.0 245.0 248.0 252.0 253.0 268.0 271.0 283.0 286.0 290.0 293.0 300.0 302.0 307.0
223.0 224.8 227.5 227.5 235.7 235.7 243.0 245.7 249.4 249.4 263.0 263.0 273.9 276.6 280.3 283.0 289.4 291.2 295.7
231.0 233.7 237.7 245.7 257.7 263.0 273.7 277.7 283.0 284.3 304.3 308.3 324.3 328.3 333.7 337.7 347.0 349.7 356.3
242.0 244.7 248.7 256.7 268.7 274.0 284.7 288.7 294.0 295.3 315.3 319.3 335.3 339.3 344.7 348.7 358.0 360.7 367.3
252.0 254.0 257.0 263.0 272.0 276.0 284.0 287.0 291.0 292.0 307.0 310.0 322.0 325.0 329.0 332.0 339.0 341.0 346.0
258.0 258.0 260.4 260.4 267.6 270.8 277.2 277.2 280.4 280.4 292.4 294.8 304.4 306.8 310.0 312.4 318.0 318.0 322.0
268.0 270.7 274.7 282.7 294.7 300.0 310.7 314.7 320.0 321.3 341.3 345.3 361.3 365.3 370.7 374.7 384.0 386.7 393.3
276.0 278.7 282.7 290.7 302.7 308.0 318.7 322.7 328.0 329.3 349.3 353.3 369.3 373.3 378.7 382.7 392.0 394.7 401.3
288.0 290.0 293.0 299.0 308.0 312.0 320.0 323.0 327.0 328.0 343.0 346.0 358.0 361.0 365.0 368.0 375.0 377.0 382.0
297.0 297.0 299.1 299.1 305.6 308.4 314.1 314.1 317.0 317.0 327.7 327.7 336.3 336.3 339.1 341.3 346.3 346.3 349.9
306.0 307.6 310.0 310.0 317.2 320.4 326.8 329.2 332.4 333.2 345.2 345.2 354.8 354.8 358.0 358.0 363.6 365.2 369.2
317.0 319.0 322.0 328.0 337.0 341.0 349.0 352.0 356.0 357.0 372.0 375.0 387.0 390.0 394.0 397.0 404.0 406.0 411.0
325.0 326.8 329.5 329.5 337.7 337.7 345.0 345.0 348.6 348.6 362.3 365.0 375.9 378.6 382.3 385.0 391.4 391.4 395.9
332.0 332.0 334.7 340.2 348.4 352.0 359.3 359.3 362.9 363.8 377.5 377.5 388.4 388.4 392.0 394.7 401.1 402.9 407.5
341.0 342.4 344.6 344.6 351.0 351.0 356.7 358.9 361.7 361.7 372.4 372.4 381.0 381.0 383.9 383.9 388.9 390.3 393.9
351.0 353.0 356.0 362.0 371.0 371.0 379.0 382.0 386.0 386.0 401.0 401.0 413.0 416.0 420.0 423.0 430.0 432.0 437.0
359.0 359.0 362.0 368.0 377.0 381.0 389.0 392.0 396.0 396.0 411.0 414.0 426.0 429.0 433.0 433.0 440.0 442.0 447.0
365.0 367.0 370.0 376.0 385.0 389.0 397.0 400.0 404.0 405.0 420.0 423.0 435.0 438.0 442.0 445.0 452.0 454.0 459.0
371.0 372.4 374.6 374.6 381.0 381.0 386.7 388.9 391.7 392.4 403.1 403.1 411.7 413.9 416.7 418.9 423.9 423.9 427.4
377.0 379.7 383.7 391.7 403.7 409.0 419.7 423.7 429.0 430.3 450.3 454.3 470.3 474.3 479.7 483.7 493.0 495.7 502.3
382.0 383.8 386.5 386.5 394.7 398.4 405.6 405.6 409.3 410.2 423.8 423.8 434.7 437.5 441.1 443.8 450.2 450.2 454.7
387.0 387.0 389.7 395.2 403.4 403.4 410.6 410.6 414.3 415.2 428.8 428.8 439.7 442.5 446.1 446.1 452.5 454.3 458.8
399.0 401.0 404.0 410.0 419.0 423.0 431.0 434.0 438.0 439.0 454.0 457.0 469.0 472.0 476.0 479.0 486.0 488.0 493.0
407.0 409.0 412.0 418.0 427.0 431.0 439.0 442.0 446.0 447.0 462.0 465.0 477.0 480.0 484.0 487.0 494.0 496.0 501.0