10
70
0.9 9.1 0.9 9.1 3.6 4.5 0.9 7.3 0.0 10.9 0.0 8.2 2.7 10.0 3.6 8.2 0.0 8.2 0.0
0.0 8.0 0.8 8.0 3.2 4.0 0.8 6.4 0.0 9.6 0.0 7.2 2.4 8.8 0.0 7.2 3.2 7.2 0.0
0.0 8.0 0.8 8.0 3.2 4.0 0.0 6.4 0.0 9.6 2.4 7.2 0.0 8.8 3.2 7.2 0.0 7.2 0.0
1.0 10.0 1.0 10.0 4.0 5.0 1.0 8.0 4.0 12.0 3.0 9.0 3.0 11.0 4.0 9.0 4.0 9.0 2.0
0.0 8.0 0.8 8.0 3.2 4.0 0.8 6.4 0.0 9.6 0.0 7.2 0.0 8.8 0.0 7.2 0.0 7.2 1.6
0.0 10.0 1.0 10.0 4.0 5.0 1.0 8.0 4.0 12.0 0.0 9.0 0.0 11.0 4.0 9.0 4.0 9.0 0.0
0.9 9.1 0.0 9.1 3.6 4.5 0.0 7.3 0.0 10.9 2.7 8.2 2.7 10.0 0.0 8.2 3.6 8.2 0.0
1.0 10.0 1.0 10.0 4.0 5.0 1.0 8.0 4.0 12.0 3.0 9.0 3.0 11.0 4.0 9.0 4.0 9.0 2.0
0.9 9.1 0.0 9.1 0.0 4.5 0.9 7.3 3.6 10.9 2.7 8.2 0.0 10.0 3.6 8.2 0.0 8.2 0.0
1.0 10.0 1.0 10.0 4.0 5.0 1.0 8.0 4.0 12.0 3.0 9.0 3.0 11.0 4.0 9.0 4.0 9.0 2.0
0.0 7.1 0.0 7.1 2.9 3.6 0.7 5.7 2.9 8.6 2.1 6.4 2.1 7.9 2.9 6.4 0.0 6.4 0.0
1.3 13.3 1.3 13.3 5.3 6.7 1.3 10.7 5.3 16.0 4.0 12.0 4.0 14.7 5.3 12.0 5.3 12.0 2.7
0.0 7.1 0.7 7.1 0.0 3.6 0.7 5.7 0.0 8.6 0.0 6.4 2.1 7.9 2.9 6.4 2.9 6.4 0.0
0.0 7.1 0.0 7.1 2.9 3.6 0.7 5.7 2.9 8.6 0.0 6.4 0.0 7.9 0.0 6.4 2.9 6.4 1.4
1.3 13.3 1.3 13.3 5.3 6.7 1.3 10.7 5.3 16.0 4.0 12.0 4.0 14.7 5.3 12.0 5.3 12.0 2.7
0.0 9.1 0.0 9.1 0.0 4.5 0.0 7.3 0.0 10.9 2.7 8.2 2.7 10.0 3.6 8.2 0.0 8.2 1.8
1.3 13.3 1.3 13.3 5.3 6.7 1.3 10.7 5.3 16.0 4.0 12.0 4.0 14.7 5.3 12.0 5.3 12.0 2.7
1.0 10.0 1.0 10.0 4.0 5.0 1.0 8.0 4.0 12.0 3.0 9.0 3.0 11.0 4.0 9.0 4.0 9.0 2.0
0.0 7.1 0.7 7.1 0.0 3.6 0.7 5.7 0.0 8.6 0.0 6.4 2.1 7.9 0.0 6.4 2.9 6.4 1.4
1.0 10.0 1.0 10.0 4.0 5.0 1.0 8.0 4.0 12.0 3.0 9.0 3.0 11.0 4.0 9.0 4.0 9.0 2.0
1.0 10.0 1.0 10.0 4.0 5.0 1.0 8.0 4.0 12.0 3.0 9.0 3.0 11.0 4.0 9.0 4.0 9.0 2.0
1.0 10.0 1.0 10.0 4.0 5.0 1.0 8.0 4.0 12.0 3.0 9.0 3.0 11.0 4.0 9.0 4.0 9.0 2.0
0.0 8.0 0.0 8.0 0.0 4.0 0.0 6.4 3.2 9.6 0.0 7.2 2.4 8.8 0.0 7.2 0.0 7.2 1.6
0.7 7.1 0.0 7.1 0.0 3.6 0.7 5.7 2.9 8.6 2.1 6.4 0.0 7.9 2.9 6.4 2.9 6.4 0.0
0.0 10.0 1.0 10.0 4.0 5.0 1.0 8.0 4.0 12.0 3.0 9.0 3.0 11.0 0.0 9.0 4.0 9.0 0.0
0.0 9.1 0.0 9.1 0.0 4.5 0.0 7.3 3.6 10.9 0.0 8.2 0.0 10.0 3.6 8.2 3.6 8.2 1.8
0.9 9.1 0.0 9.1 3.6 4.5 0.0 7.3 3.6 10.9 0.0 8.2 2.7 10.0 0.0 8.2 0.0 8.2 1.8
1.3 13.3 1.3 13.3 5.3 6.7 1.3 10.7 5.3 16.0 4.0 12.0 4.0 14.7 5.3 12.0 5.3 12.0 2.7
1.3 13.3 1.3 13.3 5.3 6.7 1.3 10.7 5.3 16.0 4.0 12.0 4.0 14.7 5.3 12.0 5.3 12.0 2.7
0.0 9.1 0.9 9.1 3.6 4.5 0.0 7.3 0.0 10.9 0.0 8.2 0.0 10.0 0.0 8.2 0.0 8.2 1.8
0.7 7.1 0.0 7.1 0.0 3.6 0.7 5.7 0.0 8.6 2.1 6.4 2.1 7.9 0.0 6.4 2.9 6.4 0.0
1.0 10.0 1.0 10.0 4.0 5.0 1.0 8.0 4.0 12.0 3.0 9.0 3.0 11.0 4.0 9.0 4.0 9.0 2.0
1.3 13.3 1.3 13.3 5.3 6.7 1.3 10.7 5.3 16.0 4.0 12.0 4.0 14.7 5.3 12.0 5.3 12.0 2.7
0.8 8.0 0.0 8.0 0.0 4.0 0.8 6.4 0.0 9.6 0.0 7.2 2.4 8.8 3.2 7.2 3.2 7.2 1.6
0.9 9.1 0.0 9.1 0.0 4.5 0.9 7.3 0.0 10.9 0.0 8.2 2.7 10.0 3.6 8.2 3.6 8.2 1.8
1.0 10.0 1.0 10.0 4.0 5.0 1.0 8.0 4.0 12.0 3.0 9.0 3.0 11.0 4.0 9.0 4.0 9.0 2.0
1.0 10.0 1.0 10.0 0.0 5.0 1.0 8.0 0.0 12.0 3.0 9.0 3.0 11.0 0.0 9.0 4.0 9.0 2.0
0.7 7.1 0.7 7.1 0.0 3.6 0.7 5.7 2.9 8.6 2.1 6.4 0.0 7.9 0.0 6.4 2.9 6.4 1.4
1.0 10.0 1.0 10.0 4.0 5.0 1.0 8.0 0.0 12.0 3.0 9.0 3.0 11.0 4.0 9.0 4.0 9.0 0.0
1.0 10.0 1.0 10.0 4.0 5.0 1.0 8.0 4.0 12.0 3.0 9.0 3.0 11.0 4.0 9.0 4.0 9.0 2.0
0.8 8.0 0.0 8.0 3.2 4.0 0.0 6.4 3.2 9.6 2.4 7.2 0.0 8.8 3.2 7.2 3.2 7.2 0.0
1.3 13.3 1.3 13.3 5.3 6.7 1.3 10.7 5.3 16.0 4.0 12.0 4.0 14.7 5.3 12.0 5.3 12.0 2.7
0.0 10.0 0.0 10.0 0.0 5.0 0.0 8.0 4.0 12.0 3.0 9.0 3.0 11.0 4.0 9.0 4.0 9.0 2.0
1.0 10.0 1.0 10.0 4.0 5.0 1.0 8.0 4.0 12.0 3.0 9.0 3.0 11.0 4.0 9.0 4.0 9.0 2.0
1.0 10.0 1.0 10.0 4.0 5.0 1.0 8.0 4.0 12.0 3.0 9.0 3.0 11.0 4.0 9.0 4.0 9.0 2.0
1.0 10.0 1.0 10.0 4.0 5.0 1.0 8.0 4.0 12.0 3.0 9.0 3.0 11.0 4.0 9.0 4.0 9.0 2.0
1.0 10.0 1.0 10.0 4.0 5.0 1.0 8.0 4.0 12.0 3.0 9.0 0.0 11.0 0.0 9.0 0.0 9.0 0.0
1.0 10.0 1.0 10.0 4.0 5.0 1.0 8.0 4.0 12.0 3.0 9.0 3.0 11.0 4.0 9.0 4.0 9.0 2.0
1.0 10.0 1.0 10.0 4.0 5.0 1.0 8.0 4.0 12.0 3.0 9.0 3.0 11.0 4.0 9.0 4.0 9.0 2.0
1.0 10.0 1.0 10.0 4.0 5.0 1.0 8.0 4.0 12.0 3.0 9.0 3.0 11.0 4.0 9.0 4.0 9.0 2.0
0.0 7.1 0.7 7.1 2.9 3.6 0.7 5.7 0.0 8.6 2.1 6.4 0.0 7.9 2.9 6.4 0.0 6.4 0.0
0.7 7.1 0.7 7.1 2.9 3.6 0.0 5.7 0.0 8.6 0.0 6.4 0.0 7.9 0.0 6.4 0.0 6.4 1.4
0.0 7.1 0.0 7.1 2.9 3.6 0.7 5.7 0.0 8.6 2.1 6.4 2.1 7.9 2.9 6.4 0.0 6.4 0.0
0.0 7.1 0.7 7.1 0.0 3.6 0.7 5.7 0.0 8.6 2.1 6.4 0.0 7.9 2.9 6.4 0.0 6.4 1.4
0.0 10.0 1.0 10.0 4.0 5.0 1.0 8.0 4.0 12.0 3.0 9.0 3.0 11.0 0.0 9.0 4.0 9.0 2.0
1.0 10.0 1.0 10.0 4.0 5.0 1.0 8.0 4.0 12.0 0.0 9.0 3.0 11.0 4.0 9.0 4.0 9.0 0.0
1.0 10.0 1.0 10.0 4.0 5.0 1.0 8.0 4.0 12.0 3.0 9.0 3.0 11.0 4.0 9.0 4.0 9.0 2.0
0.0 7.1 0.7 7.1 0.0 3.6 0.7 5.7 0.0 8.6 2.1 6.4 2.1 7.9 2.9 6.4 0.0 6.4 1.4
0.8 8.0 0.0 8.0 0.0 4.0 0.8 6.4 3.2 9.6 0.0 7.2 0.0 8.8 0.0 7.2 3.2 7.2 1.6
0.8 8.0 0.0 8.0 0.0 4.0 0.0 6.4 0.0 9.6 2.4 7.2 2.4 8.8 3.2 7.2 0.0 7.2 0.0
1.3 13.3 1.3 13.3 5.3 6.7 1.3 10.7 5.3 16.0 4.0 12.0 4.0 14.7 5.3 12.0 5.3 12.0 2.7
0.8 8.0 0.0 8.0 0.0 4.0 0.8 6.4 0.0 9.6 2.4 7.2 2.4 8.8 0.0 7.2 3.2 7.2 1.6
1.0 10.0 1.0 10.0 0.0 5.0 0.0 8.0 0.0 12.0 3.0 9.0 0.0 11.0 4.0 9.0 4.0 9.0 2.0
1.0 10.0 1.0 10.0 4.0 5.0 1.0 8.0 4.0 12.0 3.0 9.0 3.0 11.0 4.0 9.0 4.0 9.0 2.0
1.3 13.3 1.3 13.3 5.3 6.7 1.3 10.7 5.3 16.0 4.0 12.0 4.0 14.7 5.3 12.0 5.3 12.0 2.7
1.0 10.0 1.0 10.0 4.0 5.0 1.0 8.0 4.0 12.0 3.0 9.0 3.0 11.0 4.0 9.0 4.0 9.0 2.0
1.0 10.0 1.0 10.0 4.0 5.0 1.0 8.0 4.0 12.0 3.0 9.0 3.0 11.0 4.0 9.0 4.0 9.0 2.0
0.8 8.0 0.0 8.0 3.2 4.0 0.0 6.4 3.2 9.6 2.4 7.2 0.0 8.8 0.0 7.2 3.2 7.2 1.6
1.3 13.3 1.3 13.3 5.3 6.7 1.3 10.7 5.3 16.0 4.0 12.0 4.0 14.7 5.3 12.0 5.3 12.0 2.7
0.7 7.1 0.0 7.1 0.0 3.6 0.0 5.7 2.9 8.6 0.0 6.4 0.0 7.9 0.0 6.4 0.0 6.4 1.4
7.0 7.9 17.0 17.9 27.0 30.6 35.2 36.1 43.4 43.4 54.3 54.3 62.5 65.2 75.2 78.8 87.0 87.0 95.2
14.0 14.0 22.0 22.8 30.8 34.0 38.0 38.8 45.2 45.2 54.8 54.8 62.0 64.4 73.2 73.2 80.4 83.6 90.8
19.0 19.0 27.0 27.8 35.8 39.0 43.0 43.0 49.4 49.4 59.0 61.4 68.6 68.6 77.4 80.6 87.8 87.8 95.0
27.0 28.0 38.0 39.0 49.0 53.0 58.0 59.0 67.0 71.0 83.0 86.0 95.0 98.0 109.0 113.0 122.0 126.0 135.0
36.0 36.0 44.0 44.8 52.8 56.0 60.0 60.8 67.2 67.2 76.8 76.8 84.0 84.0 92.8 92.8 100.0 100.0 107.2
40.0 40.0 50.0 51.0 61.0 65.0 70.0 71.0 79.0 83.0 95.0 95.0 104.0 104.0 115.0 119.0 128.0 132.0 141.0
49.0 49.9 59.0 59.0 68.1 71.7 76.3 76.3 83.5 83.5 94.5 97.2 105.4 108.1 118.1 118.1 126.3 129.9 138.1
55.0 56.0 66.0 67.0 77.0 81.0 86.0 87.0 95.0 99.0 111.0 114.0 123.0 126.0 137.0 141.0 150.0 154.0 163.0
63.0 63.9 73.0 73.0 82.1 82.1 86.6 87.5 94.8 98.5 109.4 112.1 120.3 120.3 130.3 133.9 142.1 142.1 150.3
73.0 74.0 84.0 85.0 95.0 99.0 104.0 105.0 113.0 117.0 129.0 132.0 141.0 144.0 155.0 159.0 168.0 172.0 181.0
82.0 82.0 89.1 89.1 96.3 99.1 102.7 103.4 109.1 112.0 120.6 122.7 129.1 131.3 139.1 142.0 148.4 148.4 154.9
90.0 91.3 104.7 106.0 119.3 124.7 131.3 132.7 143.3 148.7 164.7 168.7 180.7 184.7 199.3 204.7 216.7 222.0 234.0
98.0 98.0 105.1 105.9 113.0 113.0 116.6 117.3 123.0 123.0 131.6 131.6 138.0 140.1 148.0 150.9 157.3 160.1 166.6
103.0 103.0 110.1 110.1 117.3 120.1 123.7 124.4 130.1 133.0 141.6 141.6 148.0 148.0 155.9 155.9 162.3 165.1 171.6
111.0 112.3 125.7 127.0 140.3 145.7 152.3 153.7 164.3 169.7 185.7 189.7 201.7 205.7 220.3 225.7 237.7 243.0 255.0
121.0 121.0 130.1 130.1 139.2 139.2 143.7 143.7 151.0 151.0 161.9 164.6 172.8 175.5 185.5 189.2 197.4 197.4 205.5
132.0 133.3 146.7 148.0 161.3 166.7 173.3 174.7 185.3 190.7 206.7 210.7 222.7 226.7 241.3 246.7 258.7 264.0 276.0
137.0 138.0 148.0 149.0 159.0 163.0 168.0 169.0 177.0 181.0 193.0 196.0 205.0 208.0 219.0 223.0 232.0 236.0 245.0
145.0 145.0 152.1 152.9 160.0 160.0 163.6 164.3 170.0 170.0 178.6 178.6 185.0 187.1 195.0 195.0 201.4 204.3 210.7
155.0 156.0 166.0 167.0 177.0 181.0 186.0 187.0 195.0 199.0 211.0 214.0 223.0 226.0 237.0 241.0 250.0 254.0 263.0
165.0 166.0 176.0 177.0 187.0 191.0 196.0 197.0 205.0 209.0 221.0 224.0 233.0 236.0 247.0 251.0 260.0 264.0 273.0
176.0 177.0 187.0 188.0 198.0 202.0 207.0 208.0 216.0 220.0 232.0 235.0 244.0 247.0 258.0 262.0 271.0 275.0 284.0
181.0 181.0 189.0 189.0 197.0 197.0 201.0 201.0 207.4 210.6 220.2 220.2 227.4 229.8 238.6 238.6 245.8 245.8 253.0
191.0 191.7 198.9 198.9 206.0 206.0 209.6 210.3 216.0 218.9 227.4 229.6 236.0 236.0 243.9 246.7 253.1 256.0 262.4
200.0 200.0 210.0 211.0 221.0 225.0 230.0 231.0 239.0 243.0 255.0 258.0 267.0 270.0 281.0 281.0 290.0 294.0 303.0
204.0 204.0 213.1 213.1 222.2 222.2 226.7 226.7 234.0 237.6 248.5 248.5 256.7 256.7 266.7 270.4 278.5 282.2 290.4
213.0 213.9 223.0 223.0 232.1 235.7 240.3 240.3 247.5 251.2 262.1 262.1 270.3 273.0 283.0 283.0 291.2 291.2 299.4
223.0 224.3 237.7 239.0 252.3 257.7 264.3 265.7 276.3 281.7 297.7 301.7 313.7 317.7 332.3 337.7 349.7 355.0 367.0
232.0 233.3 246.7 248.0 261.3 266.7 273.3 274.7 285.3 290.7 306.7 310.7 322.7 326.7 341.3 346.7 358.7 364.0 376.0
240.0 240.0 249.1 250.0 259.1 262.7 267.3 267.3 274.5 274.5 285.5 285.5 293.6 293.6 303.6 303.6 311.8 311.8 320.0
250.0 250.7 257.9 257.9 265.0 265.0 268.6 269.3 275.0 275.0 283.6 285.7 292.1 294.3 302.1 302.1 308.6 311.4 317.9
259.0 260.0 270.0 271.0 281.0 285.0 290.0 291.0 299.0 303.0 315.0 318.0 327.0 330.0 341.0 345.0 354.0 358.0 367.0
267.0 268.3 281.7 283.0 296.3 301.7 308.3 309.7 320.3 325.7 341.7 345.7 357.7 361.7 376.3 381.7 393.7 399.0 411.0
271.0 271.8 279.8 279.8 287.8 287.8 291.8 292.6 299.0 299.0 308.6 308.6 315.8 318.2 327.0 330.2 337.4 340.6 347.8
280.0 280.9 290.0 290.0 299.1 299.1 303.6 304.5 311.8 311.8 322.7 322.7 330.9 333.6 343.6 347.3 355.5 359.1 367.3
288.0 289.0 299.0 300.0 310.0 314.0 319.0 320.0 328.0 332.0 344.0 347.0 356.0 359.0 370.0 374.0 383.0 387.0 396.0
293.0 294.0 304.0 305.0 315.0 315.0 320.0 321.0 329.0 329.0 341.0 344.0 353.0 356.0 367.0 367.0 376.0 380.0 389.0
298.0 298.7 305.9 306.6 313.7 313.7 317.3 318.0 323.7 326.6 335.1 337.3 343.7 343.7 351.6 351.6 358.0 360.9 367.3
304.0 305.0 315.0 316.0 326.0 330.0 335.0 336.0 344.0 344.0 356.0 359.0 368.0 371.0 382.0 386.0 395.0 399.0 408.0
313.0 314.0 324.0 325.0 335.0 339.0 344.0 345.0 353.0 357.0 369.0 372.0 381.0 384.0 395.0 399.0 408.0 412.0 421.0
321.0 321.8 329.8 329.8 337.8 341.0 345.0 345.0 351.4 354.6 364.2 366.6 373.8 373.8 382.6 385.8 393.0 396.2 403.4
332.0 333.3 346.7 348.0 361.3 366.7 373.3 374.7 385.3 390.7 406.7 410.7 422.7 426.7 441.3 446.7 458.7 464.0 476.0
336.0 336.0 346.0 346.0 356.0 356.0 361.0 361.0 369.0 373.0 385.0 388.0 397.0 400.0 411.0 415.0 424.0 428.0 437.0
346.0 347.0 357.0 358.0 368.0 372.0 377.0 378.0 386.0 390.0 402.0 405.0 414.0 417.0 428.0 432.0 441.0 445.0 454.0
351.0 352.0 362.0 363.0 373.0 377.0 382.0 383.0 391.0 395.0 407.0 410.0 419.0 422.0 433.0 437.0 446.0 450.0 459.0
358.0 359.0 369.0 370.0 380.0 384.0 389.0 390.0 398.0 402.0 414.0 417.0 426.0 429.0 440.0 444.0 453.0 457.0 466.0
368.0 369.0 379.0 380.0 390.0 394.0 399.0 400.0 408.0 412.0 424.0 427.0 436.0 436.0 447.0 447.0 456.0 456.0 465.0
374.0 375.0 385.0 386.0 396.0 400.0 405.0 406.0 414.0 418.0 430.0 433.0 442.0 445.0 456.0 460.0 469.0 473.0 482.0
381.0 382.0 392.0 393.0 403.0 407.0 412.0 413.0 421.0 425.0 437.0 440.0 449.0 452.0 463.0 467.0 476.0 480.0 489.0
386.0 387.0 397.0 398.0 408.0 412.0 417.0 418.0 426.0 430.0 442.0 445.0 454.0 457.0 468.0 472.0 481.0 485.0 494.0
390.0 390.0 397.1 397.9 405.0 407.9 411.4 412.1 417.9 417.9 426.4 428.6 435.0 435.0 442.9 445.7 452.1 452.1 458.6
400.0 400.7 407.9 408.6 415.7 418.6 422.1 422.1 427.9 427.9 436.4 436.4 442.9 442.9 450.7 450.7 457.1 457.1 463.6
406.0 406.0 413.1 413.1 420.3 423.1 426.7 427.4 433.1 433.1 441.7 443.9 450.3 452.4 460.3 463.1 469.6 469.6 476.0
410.0 410.0 417.1 417.9 425.0 425.0 428.6 429.3 435.0 435.0 443.6 445.7 452.1 452.1 460.0 462.9 469.3 469.3 475.7
420.0 420.0 430.0 431.0 441.0 445.0 450.0 451.0 459.0 463.0 475.0 478.0 487.0 490.0 501.0 501.0 510.0 514.0 523.0
429.0 430.0 440.0 441.0 451.0 455.0 460.0 461.0 469.0 473.0 485.0 485.0 494.0 497.0 508.0 512.0 521.0 525.0 534.0
435.0 436.0 446.0 447.0 457.0 461.0 466.0 467.0 475.0 479.0 491.0 494.0 503.0 506.0 517.0 521.0 530.0 534.0 543.0
442.0 442.0 449.1 449.9 457.0 457.0 460.6 461.3 467.0 467.0 475.6 477.7 484.1 486.3 494.1 497.0 503.4 503.4 509.9
452.0 452.8 460.8 460.8 468.8 468.8 472.8 473.6 480.0 483.2 492.8 492.8 500.0 500.0 508.8 508.8 516.0 519.2 526.4
460.0 460.8 468.8 468.8 476.8 476.8 480.8 480.8 487.2 487.2 496.8 499.2 506.4 508.8 517.6 520.8 528.0 528.0 535.2
466.0 467.3 480.7 482.0 495.3 500.7 507.3 508.7 519.3 524.7 540.7 544.7 556.7 560.7 575.3 580.7 592.7 598.0 610.0
473.0 473.8 481.8 481.8 489.8 489.8 493.8 494.6 501.0 501.0 510.6 513.0 520.2 522.6 531.4 531.4 538.6 541.8 549.0
482.0 483.0 493.0 494.0 504.0 504.0 509.0 509.0 517.0 517.0 529.0 532.0 541.0 541.0 552.0 556.0 565.0 569.0 578.0
488.0 489.0 499.0 500.0 510.0 514.0 519.0 520.0 528.0 532.0 544.0 547.0 556.0 559.0 570.0 574.0 583.0 587.0 596.0
498.0 499.3 512.7 514.0 527.3 532.7 539.3 540.7 551.3 556.7 572.7 576.7 588.7 592.7 607.3 612.7 624.7 630.0 642.0
508.0 509.0 519.0 520.0 530.0 534.0 539.0 540.0 548.0 552.0 564.0 567.0 576.0 579.0 590.0 594.0 603.0 607.0 616.0
513.0 514.0 524.0 525.0 535.0 539.0 544.0 545.0 553.0 557.0 569.0 572.0 581.0 584.0 595.0 599.0 608.0 612.0 621.0
523.0 523.8 531.8 531.8 539.8 543.0 547.0 547.0 553.4 556.6 566.2 568.6 575.8 575.8 584.6 584.6 591.8 595.0 602.2
532.0 533.3 546.7 548.0 561.3 566.7 573.3 574.7 585.3 590.7 606.7 610.7 622.7 626.7 641.3 646.7 658.7 664.0 676.0
537.0 537.7 544.9 544.9 552.0 552.0 555.6 555.6 561.3 564.1 572.7 572.7 579.1 579.1 587.0 587.0 593.4 593.4 599.9