5
40
0.0 3.0 3.0 8.0 3.0 12.0 0.0 6.0 3.0
2.9 2.1 0.0 5.7 2.1 8.6 0.0 4.3 2.1
0.0 2.7 0.0 7.3 0.0 10.9 0.0 5.5 2.7
3.6 2.7 0.0 7.3 0.0 10.9 0.0 5.5 2.7
4.0 3.0 3.0 8.0 3.0 12.0 0.0 6.0 0.0
0.0 2.1 2.1 5.7 2.1 8.6 2.9 4.3 2.1
4.0 3.0 3.0 8.0 3.0 12.0 4.0 6.0 0.0
4.0 3.0 3.0 8.0 3.0 12.0 4.0 6.0 3.0
0.0 2.4 2.4 6.4 2.4 9.6 0.0 4.8 2.4
2.9 2.1 0.0 5.7 2.1 8.6 2.9 4.3 0.0
4.0 3.0 3.0 8.0 3.0 12.0 4.0 6.0 3.0
4.0 3.0 3.0 8.0 3.0 12.0 4.0 6.0 3.0
3.2 2.4 0.0 6.4 0.0 9.6 3.2 4.8 2.4
2.9 2.1 0.0 5.7 2.1 8.6 2.9 4.3 2.1
4.0 3.0 0.0 8.0 3.0 12.0 0.0 6.0 3.0
4.0 3.0 3.0 8.0 3.0 12.0 4.0 6.0 3.0
0.0 2.4 2.4 6.4 2.4 9.6 3.2 4.8 2.4
3.2 2.4 2.4 6.4 0.0 9.6 3.2 4.8 0.0
5.3 4.0 4.0 10.7 4.0 16.0 5.3 8.0 4.0
2.9 2.1 2.1 5.7 0.0 8.6 0.0 4.3 2.1
2.9 2.1 0.0 5.7 0.0 8.6 2.9 4.3 2.1
2.9 2.1 0.0 5.7 0.0 8.6 2.9 4.3 0.0
0.0 2.4 2.4 6.4 2.4 9.6 0.0 4.8 0.0
4.0 3.0 3.0 8.0 3.0 12.0 4.0 6.0 3.0
4.0 3.0 0.0 8.0 3.0 12.0 0.0 6.0 3.0
5.3 4.0 4.0 10.7 4.0 16.0 5.3 8.0 4.0
4.0 3.0 0.0 8.0 3.0 12.0 4.0 6.0 3.0
4.0 3.0 3.0 8.0 3.0 12.0 4.0 6.0 3.0
0.0 3.0 3.0 8.0 3.0 12.0 4.0 6.0 0.0
4.0 3.0 3.0 8.0 3.0 12.0 4.0 6.0 3.0
3.6 2.7 2.7 7.3 0.0 10.9 0.0 5.5 0.0
3.2 2.4 2.4 6.4 2.4 9.6 0.0 4.8 0.0
4.0 3.0 3.0 8.0 3.0 12.0 4.0 6.0 3.0
4.0 3.0 0.0 8.0 3.0 12.0 4.0 6.0 0.0
2.9 2.1 0.0 5.7 0.0 8.6 2.9 4.3 0.0
0.0 2.4 2.4 6.4 2.4 9.6 0.0 4.8 2.4
4.0 3.0 3.0 8.0 3.0 12.0 4.0 6.0 3.0
4.0 3.0 3.0 8.0 3.0 12.0 4.0 6.0 3.0
4.0 3.0 0.0 8.0 3.0 12.0 4.0 6.0 3.0
4.0 3.0 3.0 8.0 3.0 12.0 4.0 6.0 3.0
4.0 4.0 7.0 10.0 18.0 21.0 33.0 33.0 39.0
16.0 18.9 21.0 21.0 26.7 28.9 37.4 37.4 41.7
23.0 23.0 25.7 25.7 33.0 33.0 43.9 43.9 49.4
30.0 33.6 36.4 36.4 43.6 43.6 54.5 54.5 60.0
40.0 44.0 47.0 50.0 58.0 61.0 73.0 73.0 79.0
45.0 45.0 47.1 49.3 55.0 57.1 65.7 68.6 72.9
55.0 59.0 62.0 65.0 73.0 76.0 88.0 92.0 98.0
68.0 72.0 75.0 78.0 86.0 89.0 101.0 105.0 111.0
76.0 76.0 78.4 80.8 87.2 89.6 99.2 99.2 104.0
85.0 87.9 90.0 90.0 95.7 97.9 106.4 109.3 113.6
97.0 101.0 104.0 107.0 115.0 118.0 130.0 134.0 140.0
109.0 113.0 116.0 119.0 127.0 130.0 142.0 146.0 152.0
120.0 123.2 125.6 125.6 132.0 132.0 141.6 144.8 149.6
129.0 131.9 134.0 134.0 139.7 141.9 150.4 153.3 157.6
143.0 147.0 150.0 150.0 158.0 161.0 173.0 173.0 179.0
152.0 156.0 159.0 162.0 170.0 173.0 185.0 189.0 195.0
161.0 161.0 163.4 165.8 172.2 174.6 184.2 187.4 192.2
168.0 171.2 173.6 176.0 182.4 182.4 192.0 195.2 200.0
179.0 184.3 188.3 192.3 203.0 207.0 223.0 228.3 236.3
190.0 192.9 195.0 197.1 202.9 202.9 211.4 211.4 215.7
202.0 204.9 207.0 207.0 212.7 212.7 221.3 224.1 228.4
213.0 215.9 218.0 218.0 223.7 223.7 232.3 235.1 239.4
220.0 220.0 222.4 224.8 231.2 233.6 243.2 243.2 248.0
233.0 237.0 240.0 243.0 251.0 254.0 266.0 270.0 276.0
242.0 246.0 249.0 249.0 257.0 260.0 272.0 272.0 278.0
256.0 261.3 265.3 269.3 280.0 284.0 300.0 305.3 313.3
267.0 271.0 274.0 274.0 282.0 285.0 297.0 301.0 307.0
279.0 283.0 286.0 289.0 297.0 300.0 312.0 316.0 322.0
285.0 285.0 288.0 291.0 299.0 302.0 314.0 318.0 324.0
296.0 300.0 303.0 306.0 314.0 317.0 329.0 333.0 339.0
308.0 311.6 314.4 317.1 324.4 324.4 335.3 335.3 340.7
321.0 324.2 326.6 329.0 335.4 337.8 347.4 347.4 352.2
332.0 336.0 339.0 342.0 350.0 353.0 365.0 369.0 375.0
343.0 347.0 350.0 350.0 358.0 361.0 373.0 377.0 383.0
350.0 352.9 355.0 355.0 360.7 360.7 369.3 372.1 376.4
358.0 358.0 360.4 362.8 369.2 371.6 381.2 381.2 386.0
368.0 372.0 375.0 378.0 386.0 389.0 401.0 405.0 411.0
382.0 386.0 389.0 392.0 400.0 403.0 415.0 419.0 425.0
395.0 399.0 402.0 402.0 410.0 413.0 425.0 429.0 435.0
407.0 411.0 414.0 417.0 425.0 428.0 440.0 444.0 450.0