10
40
0.0 8.8 2.4 10.4 0.0 3.2 0.0 4.0 4.0 4.8 3.2 8.8 0.8 10.4 4.8 6.4 0.0 11.2 0.0
0.0 8.8 2.4 10.4 0.0 3.2 0.0 4.0 0.0 4.8 0.0 8.8 0.8 10.4 4.8 6.4 4.0 11.2 3.2
4.0 14.7 4.0 17.3 4.0 5.3 1.3 6.7 6.7 8.0 5.3 14.7 1.3 17.3 8.0 10.7 6.7 18.7 5.3
4.0 14.7 4.0 17.3 4.0 5.3 1.3 6.7 6.7 8.0 5.3 14.7 1.3 17.3 8.0 10.7 6.7 18.7 5.3
4.0 14.7 4.0 17.3 4.0 5.3 1.3 6.7 6.7 8.0 5.3 14.7 1.3 17.3 8.0 10.7 6.7 18.7 5.3
3.0 11.0 3.0 13.0 3.0 4.0 1.0 5.0 5.0 6.0 4.0 11.0 1.0 13.0 6.0 8.0 5.0 14.0 4.0
2.7 10.0 0.0 11.8 0.0 3.6 0.9 4.5 0.0 5.5 3.6 10.0 0.0 11.8 0.0 7.3 4.5 12.7 0.0
0.0 7.9 2.1 9.3 0.0 2.9 0.7 3.6 3.6 4.3 2.9 7.9 0.7 9.3 4.3 5.7 0.0 10.0 2.9
4.0 14.7 4.0 17.3 4.0 5.3 1.3 6.7 6.7 8.0 5.3 14.7 1.3 17.3 8.0 10.7 6.7 18.7 5.3
4.0 14.7 4.0 17.3 4.0 5.3 1.3 6.7 6.7 8.0 5.3 14.7 1.3 17.3 8.0 10.7 6.7 18.7 5.3
3.0 11.0 3.0 13.0 0.0 4.0 1.0 5.0 5.0 6.0 4.0 11.0 0.0 13.0 6.0 8.0 5.0 14.0 4.0
3.0 11.0 3.0 13.0 3.0 4.0 1.0 5.0 5.0 6.0 0.0 11.0 1.0 13.0 0.0 8.0 5.0 14.0 4.0
2.7 10.0 2.7 11.8 0.0 3.6 0.0 4.5 4.5 5.5 0.0 10.0 0.0 11.8 0.0 7.3 4.5 12.7 0.0
0.0 10.0 2.7 11.8 0.0 3.6 0.0 4.5 0.0 5.5 3.6 10.0 0.9 11.8 5.5 7.3 0.0 12.7 3.6
2.7 10.0 2.7 11.8 0.0 3.6 0.0 4.5 0.0 5.5 3.6 10.0 0.0 11.8 0.0 7.3 4.5 12.7 3.6
0.0 7.9 2.1 9.3 2.1 2.9 0.7 3.6 0.0 4.3 0.0 7.9 0.0 9.3 0.0 5.7 3.6 10.0 0.0
0.0 8.8 0.0 10.4 2.4 3.2 0.0 4.0 4.0 4.8 3.2 8.8 0.8 10.4 0.0 6.4 4.0 11.2 3.2
3.0 11.0 3.0 13.0 3.0 4.0 1.0 5.0 5.0 6.0 4.0 11.0 1.0 13.0 6.0 8.0 5.0 14.0 4.0
0.0 11.0 0.0 13.0 3.0 4.0 1.0 5.0 5.0 6.0 4.0 11.0 1.0 13.0 6.0 8.0 0.0 14.0 4.0
2.4 8.8 0.0 10.4 0.0 3.2 0.8 4.0 0.0 4.8 0.0 8.8 0.0 10.4 4.8 6.4 0.0 11.2 0.0
2.1 7.9 0.0 9.3 2.1 2.9 0.0 3.6 3.6 4.3 0.0 7.9 0.0 9.3 0.0 5.7 0.0 10.0 0.0
0.0 10.0 0.0 11.8 0.0 3.6 0.9 4.5 0.0 5.5 0.0 10.0 0.9 11.8 5.5 7.3 0.0 12.7 3.6
3.0 11.0 3.0 13.0 3.0 4.0 1.0 5.0 5.0 6.0 4.0 11.0 1.0 13.0 6.0 8.0 5.0 14.0 4.0
3.0 11.0 3.0 13.0 3.0 4.0 1.0 5.0 5.0 6.0 4.0 11.0 1.0 13.0 6.0 8.0 5.0 14.0 4.0
3.0 11.0 3.0 13.0 3.0 4.0 1.0 5.0 5.0 6.0 4.0 11.0 1.0 13.0 6.0 8.0 5.0 14.0 4.0
3.0 11.0 3.0 13.0 3.0 4.0 1.0 5.0 5.0 6.0 4.0 11.0 1.0 13.0 6.0 8.0 5.0 14.0 4.0
2.7 10.0 2.7 11.8 0.0 3.6 0.9 4.5 0.0 5.5 0.0 10.0 0.0 11.8 0.0 7.3 0.0 12.7 3.6
2.7 10.0 0.0 11.8 0.0 3.6 0.0 4.5 4.5 5.5 3.6 10.0 0.0 11.8 0.0 7.3 4.5 12.7 3.6
0.0 7.9 2.1 9.3 2.1 2.9 0.0 3.6 3.6 4.3 0.0 7.9 0.0 9.3 4.3 5.7 3.6 10.0 2.9
4.0 14.7 4.0 17.3 4.0 5.3 1.3 6.7 6.7 8.0 5.3 14.7 1.3 17.3 8.0 10.7 6.7 18.7 5.3
3.0 11.0 3.0 13.0 3.0 4.0 1.0 5.0 5.0 6.0 4.0 11.0 1.0 13.0 6.0 8.0 5.0 14.0 4.0
0.0 11.0 3.0 13.0 3.0 4.0 1.0 5.0 0.0 6.0 4.0 11.0 0.0 13.0 6.0 8.0 5.0 14.0 4.0
3.0 11.0 3.0 13.0 3.0 4.0 0.0 5.0 5.0 6.0 4.0 11.0 1.0 13.0 0.0 8.0 5.0 14.0 0.0
4.0 14.7 4.0 17.3 4.0 5.3 1.3 6.7 6.7 8.0 5.3 14.7 1.3 17.3 8.0 10.7 6.7 18.7 5.3
0.0 10.0 2.7 11.8 0.0 3.6 0.0 4.5 4.5 5.5 3.6 10.0 0.0 11.8 5.5 7.3 0.0 12.7 3.6
2.7 10.0 0.0 11.8 2.7 3.6 0.0 4.5 4.5 5.5 0.0 10.0 0.9 11.8 0.0 7.3 4.5 12.7 3.6
3.0 11.0 3.0 13.0 0.0 4.0 0.0 5.0 5.0 6.0 0.0 11.0 1.0 13.0 6.0 8.0 5.0 14.0 0.0
3.0 11.0 0.0 13.0 0.0 4.0 0.0 5.0 5.0 6.0 4.0 11.0 0.0 13.0 0.0 8.0 5.0 14.0 4.0
3.0 11.0 3.0 13.0 3.0 4.0 1.0 5.0 5.0 6.0 4.0 11.0 1.0 13.0 6.0 8.0 5.0 14.0 4.0
3.0 11.0 3.0 13.0 3.0 4.0 1.0 5.0 5.0 6.0 4.0 11.0 1.0 13.0 6.0 8.0 5.0 14.0 4.0
7.0 7.0 15.8 18.2 28.6 28.6 31.8 31.8 35.8 39.8 44.6 47.8 56.6 57.4 67.8 72.6 79.0 79.0 90.2
11.0 11.0 19.8 22.2 32.6 32.6 35.8 35.8 39.8 39.8 44.6 44.6 53.4 54.2 64.6 69.4 75.8 79.8 91.0
23.0 27.0 41.7 45.7 63.0 67.0 72.3 73.7 80.3 87.0 95.0 100.3 115.0 116.3 133.7 141.7 152.3 159.0 177.7
37.0 41.0 55.7 59.7 77.0 81.0 86.3 87.7 94.3 101.0 109.0 114.3 129.0 130.3 147.7 155.7 166.3 173.0 191.7
49.0 53.0 67.7 71.7 89.0 93.0 98.3 99.7 106.3 113.0 121.0 126.3 141.0 142.3 159.7 167.7 178.3 185.0 203.7
59.0 62.0 73.0 76.0 89.0 92.0 96.0 97.0 102.0 107.0 113.0 117.0 128.0 129.0 142.0 148.0 156.0 161.0 175.0
68.0 70.7 80.7 80.7 92.5 92.5 96.2 97.1 101.6 101.6 107.1 110.7 120.7 120.7 132.5 132.5 139.8 144.4 157.1
72.0 72.0 79.9 82.0 91.3 91.3 94.1 94.9 98.4 102.0 106.3 109.1 117.0 117.7 127.0 131.3 137.0 137.0 147.0
84.0 88.0 102.7 106.7 124.0 128.0 133.3 134.7 141.3 148.0 156.0 161.3 176.0 177.3 194.7 202.7 213.3 220.0 238.7
97.0 101.0 115.7 119.7 137.0 141.0 146.3 147.7 154.3 161.0 169.0 174.3 189.0 190.3 207.7 215.7 226.3 233.0 251.7
108.0 111.0 122.0 125.0 138.0 138.0 142.0 143.0 148.0 153.0 159.0 163.0 174.0 174.0 187.0 193.0 201.0 206.0 220.0
119.0 122.0 133.0 136.0 149.0 152.0 156.0 157.0 162.0 167.0 173.0 173.0 184.0 185.0 198.0 198.0 206.0 211.0 225.0
125.0 127.7 137.7 140.5 152.3 152.3 155.9 155.9 160.5 165.0 170.5 170.5 180.5 180.5 192.3 192.3 199.5 204.1 216.8
130.0 130.0 140.0 142.7 154.5 154.5 158.2 158.2 162.7 162.7 168.2 171.8 181.8 182.7 194.5 200.0 207.3 207.3 220.0
140.0 142.7 152.7 155.5 167.3 167.3 170.9 170.9 175.5 175.5 180.9 184.5 194.5 194.5 206.4 206.4 213.6 218.2 230.9
150.0 150.0 157.9 160.0 169.3 171.4 174.3 175.0 178.6 178.6 182.9 182.9 190.7 190.7 200.0 200.0 205.7 209.3 219.3
158.0 158.0 166.8 166.8 177.2 179.6 182.8 182.8 186.8 190.8 195.6 198.8 207.6 208.4 218.8 218.8 225.2 229.2 240.4
165.0 168.0 179.0 182.0 195.0 198.0 202.0 203.0 208.0 213.0 219.0 223.0 234.0 235.0 248.0 254.0 262.0 267.0 281.0
170.0 170.0 181.0 181.0 194.0 197.0 201.0 202.0 207.0 212.0 218.0 222.0 233.0 234.0 247.0 253.0 261.0 261.0 275.0
177.0 179.4 188.2 188.2 198.6 198.6 201.8 202.6 206.6 206.6 211.4 211.4 220.2 220.2 230.6 235.4 241.8 241.8 253.0
187.0 189.1 197.0 197.0 206.3 208.4 211.3 211.3 214.9 218.4 222.7 222.7 230.6 230.6 239.9 239.9 245.6 245.6 255.6
194.0 194.0 204.0 204.0 215.8 215.8 219.5 220.4 224.9 224.9 230.4 230.4 240.4 241.3 253.1 258.5 265.8 265.8 278.5
201.0 204.0 215.0 218.0 231.0 234.0 238.0 239.0 244.0 249.0 255.0 259.0 270.0 271.0 284.0 290.0 298.0 303.0 317.0
212.0 215.0 226.0 229.0 242.0 245.0 249.0 250.0 255.0 260.0 266.0 270.0 281.0 282.0 295.0 301.0 309.0 314.0 328.0
223.0 226.0 237.0 240.0 253.0 256.0 260.0 261.0 266.0 271.0 277.0 281.0 292.0 293.0 306.0 312.0 320.0 325.0 339.0
231.0 234.0 245.0 248.0 261.0 264.0 268.0 269.0 274.0 279.0 285.0 289.0 300.0 301.0 314.0 320.0 328.0 333.0 347.0
240.0 242.7 252.7 255.5 267.3 267.3 270.9 271.8 276.4 276.4 281.8 281.8 291.8 291.8 303.6 303.6 310.9 310.9 323.6
246.0 248.7 258.7 258.7 270.5 270.5 274.2 274.2 278.7 283.3 288.7 292.4 302.4 302.4 314.2 314.2 321.5 326.0 338.7
256.0 256.0 263.9 266.0 275.3 277.4 280.3 280.3 283.9 287.4 291.7 291.7 299.6 299.6 308.9 313.1 318.9 322.4 332.4
265.0 269.0 283.7 287.7 305.0 309.0 314.3 315.7 322.3 329.0 337.0 342.3 357.0 358.3 375.7 383.7 394.3 401.0 419.7
274.0 277.0 288.0 291.0 304.0 307.0 311.0 312.0 317.0 322.0 328.0 332.0 343.0 344.0 357.0 363.0 371.0 376.0 390.0
280.0 280.0 291.0 294.0 307.0 310.0 314.0 315.0 320.0 320.0 326.0 330.0 341.0 341.0 354.0 360.0 368.0 373.0 387.0
288.0 291.0 302.0 305.0 318.0 321.0 325.0 325.0 330.0 335.0 341.0 345.0 356.0 357.0 370.0 370.0 378.0 383.0 397.0
296.0 300.0 314.7 318.7 336.0 340.0 345.3 346.7 353.3 360.0 368.0 373.3 388.0 389.3 406.7 414.7 425.3 432.0 450.7
306.0 306.0 316.0 318.7 330.5 330.5 334.2 334.2 338.7 343.3 348.7 352.4 362.4 362.4 374.2 379.6 386.9 386.9 399.6
315.0 317.7 327.7 327.7 339.5 342.3 345.9 345.9 350.5 355.0 360.5 360.5 370.5 371.4 383.2 383.2 390.5 395.0 407.7
328.0 331.0 342.0 345.0 358.0 358.0 362.0 362.0 367.0 372.0 378.0 378.0 389.0 390.0 403.0 409.0 417.0 422.0 436.0
340.0 343.0 354.0 354.0 367.0 367.0 371.0 371.0 376.0 381.0 387.0 391.0 402.0 402.0 415.0 415.0 423.0 428.0 442.0
351.0 354.0 365.0 368.0 381.0 384.0 388.0 389.0 394.0 399.0 405.0 409.0 420.0 421.0 434.0 440.0 448.0 453.0 467.0
360.0 363.0 374.0 377.0 390.0 393.0 397.0 398.0 403.0 408.0 414.0 418.0 429.0 430.0 443.0 449.0 457.0 462.0 476.0