15
40
2.0 8.0 1.0 12.0 6.0 14.0 1.0 3.0 2.0 8.0 1.0 9.0 3.0 15.0 4.0 11.0 6.0 8.0 3.0 6.0 4.0 8.0 5.0 4.0 4.0 7.0 6.0 14.0 1.0
2.0 8.0 1.0 12.0 6.0 14.0 1.0 3.0 2.0 8.0 1.0 9.0 3.0 15.0 4.0 11.0 6.0 8.0 3.0 6.0 4.0 8.0 5.0 4.0 4.0 7.0 6.0 14.0 1.0
1.4 5.7 0.0 8.6 4.3 10.0 0.0 2.1 1.4 5.7 0.0 6.4 2.1 10.7 0.0 7.9 4.3 5.7 2.1 4.3 0.0 5.7 0.0 2.9 0.0 5.0 4.3 10.0 0.0
0.0 5.7 0.0 8.6 0.0 10.0 0.0 2.1 1.4 5.7 0.7 6.4 2.1 10.7 0.0 7.9 0.0 5.7 0.0 4.3 0.0 5.7 3.6 2.9 0.0 5.0 4.3 10.0 0.7
2.0 8.0 1.0 12.0 6.0 14.0 1.0 3.0 2.0 8.0 1.0 9.0 3.0 15.0 4.0 11.0 6.0 8.0 3.0 6.0 4.0 8.0 5.0 4.0 4.0 7.0 6.0 14.0 1.0
2.0 8.0 1.0 12.0 6.0 14.0 1.0 3.0 2.0 8.0 1.0 9.0 3.0 15.0 4.0 11.0 6.0 8.0 3.0 6.0 4.0 8.0 5.0 4.0 4.0 7.0 6.0 14.0 1.0
2.0 8.0 1.0 12.0 6.0 14.0 1.0 3.0 2.0 8.0 1.0 9.0 3.0 15.0 4.0 11.0 6.0 8.0 3.0 6.0 4.0 8.0 5.0 4.0 4.0 7.0 6.0 14.0 1.0
1.4 5.7 0.7 8.6 4.3 10.0 0.7 2.1 1.4 5.7 0.7 6.4 0.0 10.7 2.9 7.9 0.0 5.7 2.1 4.3 0.0 5.7 0.0 2.9 0.0 5.0 4.3 10.0 0.7
0.0 7.3 0.0 10.9 0.0 12.7 0.9 2.7 1.8 7.3 0.0 8.2 2.7 13.6 3.6 10.0 5.5 7.3 0.0 5.5 3.6 7.3 4.5 3.6 0.0 6.4 0.0 12.7 0.0
1.6 6.4 0.8 9.6 4.8 11.2 0.0 2.4 1.6 6.4 0.8 7.2 0.0 12.0 0.0 8.8 4.8 6.4 2.4 4.8 3.2 6.4 0.0 3.2 0.0 5.6 4.8 11.2 0.0
0.0 7.3 0.9 10.9 0.0 12.7 0.9 2.7 0.0 7.3 0.9 8.2 2.7 13.6 3.6 10.0 0.0 7.3 0.0 5.5 3.6 7.3 0.0 3.6 3.6 6.4 5.5 12.7 0.9
0.0 6.4 0.8 9.6 0.0 11.2 0.0 2.4 0.0 6.4 0.8 7.2 0.0 12.0 0.0 8.8 0.0 6.4 0.0 4.8 3.2 6.4 0.0 3.2 0.0 5.6 0.0 11.2 0.0
2.0 8.0 1.0 12.0 6.0 14.0 1.0 3.0 2.0 8.0 1.0 9.0 3.0 15.0 4.0 11.0 6.0 8.0 3.0 6.0 4.0 8.0 5.0 4.0 4.0 7.0 6.0 14.0 1.0
1.6 6.4 0.8 9.6 0.0 11.2 0.8 2.4 0.0 6.4 0.8 7.2 0.0 12.0 0.0 8.8 0.0 6.4 0.0 4.8 0.0 6.4 0.0 3.2 0.0 5.6 4.8 11.2 0.0
1.6 6.4 0.0 9.6 4.8 11.2 0.0 2.4 1.6 6.4 0.0 7.2 0.0 12.0 0.0 8.8 0.0 6.4 2.4 4.8 3.2 6.4 0.0 3.2 0.0 5.6 4.8 11.2 0.8
2.7 10.7 1.3 16.0 8.0 18.7 1.3 4.0 2.7 10.7 1.3 12.0 4.0 20.0 5.3 14.7 8.0 10.7 4.0 8.0 5.3 10.7 6.7 5.3 5.3 9.3 8.0 18.7 1.3
2.0 8.0 1.0 12.0 6.0 14.0 1.0 3.0 0.0 8.0 1.0 9.0 3.0 15.0 0.0 11.0 6.0 8.0 3.0 6.0 0.0 8.0 5.0 4.0 0.0 7.0 6.0 14.0 1.0
2.0 8.0 1.0 12.0 6.0 14.0 1.0 3.0 2.0 8.0 1.0 9.0 3.0 15.0 4.0 11.0 6.0 8.0 3.0 6.0 4.0 8.0 5.0 4.0 4.0 7.0 6.0 14.0 1.0
0.0 6.4 0.8 9.6 0.0 11.2 0.8 2.4 1.6 6.4 0.0 7.2 2.4 12.0 3.2 8.8 4.8 6.4 0.0 4.8 0.0 6.4 0.0 3.2 3.2 5.6 0.0 11.2 0.0
2.7 10.7 1.3 16.0 8.0 18.7 1.3 4.0 2.7 10.7 1.3 12.0 4.0 20.0 5.3 14.7 8.0 10.7 4.0 8.0 5.3 10.7 6.7 5.3 5.3 9.3 8.0 18.7 1.3
2.0 8.0 1.0 12.0 6.0 14.0 1.0 3.0 2.0 8.0 1.0 9.0 3.0 15.0 4.0 11.0 6.0 8.0 3.0 6.0 4.0 8.0 5.0 4.0 4.0 7.0 6.0 14.0 1.0
2.7 10.7 1.3 16.0 8.0 18.7 1.3 4.0 2.7 10.7 1.3 12.0 4.0 20.0 5.3 14.7 8.0 10.7 4.0 8.0 5.3 10.7 6.7 5.3 5.3 9.3 8.0 18.7 1.3
2.7 10.7 1.3 16.0 8.0 18.7 1.3 4.0 2.7 10.7 1.3 12.0 4.0 20.0 5.3 14.7 8.0 10.7 4.0 8.0 5.3 10.7 6.7 5.3 5.3 9.3 8.0 18.7 1.3
0.0 5.7 0.7 8.6 0.0 10.0 0.0 2.1 1.4 5.7 0.0 6.4 0.0 10.7 0.0 7.9 4.3 5.7 2.1 4.3 2.9 5.7 0.0 2.9 2.9 5.0 4.3 10.0 0.0
2.0 8.0 1.0 12.0 6.0 14.0 1.0 3.0 2.0 8.0 1.0 9.0 3.0 15.0 4.0 11.0 6.0 8.0 3.0 6.0 4.0 8.0 5.0 4.0 4.0 7.0 6.0 14.0 1.0
1.6 6.4 0.8 9.6 0.0 11.2 0.0 2.4 1.6 6.4 0.0 7.2 0.0 12.0 0.0 8.8 0.0 6.4 2.4 4.8 3.2 6.4 0.0 3.2 3.2 5.6 0.0 11.2 0.0
2.0 8.0 1.0 12.0 0.0 14.0 1.0 3.0 0.0 8.0 0.0 9.0 3.0 15.0 4.0 11.0 6.0 8.0 3.0 6.0 4.0 8.0 0.0 4.0 0.0 7.0 6.0 14.0 1.0
2.0 8.0 1.0 12.0 6.0 14.0 0.0 3.0 0.0 8.0 1.0 9.0 0.0 15.0 4.0 11.0 6.0 8.0 3.0 6.0 4.0 8.0 5.0 4.0 4.0 7.0 0.0 14.0 0.0
2.0 8.0 1.0 12.0 0.0 14.0 1.0 3.0 0.0 8.0 1.0 9.0 0.0 15.0 0.0 11.0 6.0 8.0 3.0 6.0 4.0 8.0 5.0 4.0 4.0 7.0 0.0 14.0 1.0
2.7 10.7 1.3 16.0 8.0 18.7 1.3 4.0 2.7 10.7 1.3 12.0 4.0 20.0 5.3 14.7 8.0 10.7 4.0 8.0 5.3 10.7 6.7 5.3 5.3 9.3 8.0 18.7 1.3
2.0 8.0 1.0 12.0 6.0 14.0 1.0 3.0 2.0 8.0 1.0 9.0 3.0 15.0 4.0 11.0 6.0 8.0 3.0 6.0 4.0 8.0 5.0 4.0 4.0 7.0 6.0 14.0 1.0
2.0 8.0 1.0 12.0 6.0 14.0 1.0 3.0 2.0 8.0 1.0 9.0 3.0 15.0 4.0 11.0 6.0 8.0 3.0 6.0 4.0 8.0 5.0 4.0 4.0 7.0 6.0 14.0 1.0
2.7 10.7 1.3 16.0 8.0 18.7 1.3 4.0 2.7 10.7 1.3 12.0 4.0 20.0 5.3 14.7 8.0 10.7 4.0 8.0 5.3 10.7 6.7 5.3 5.3 9.3 8.0 18.7 1.3
2.0 8.0 1.0 12.0 6.0 14.0 1.0 3.0 2.0 8.0 1.0 9.0 3.0 15.0 4.0 11.0 6.0 8.0 3.0 6.0 4.0 8.0 5.0 4.0 4.0 7.0 6.0 14.0 1.0
2.7 10.7 1.3 16.0 8.0 18.7 1.3 4.0 2.7 10.7 1.3 12.0 4.0 20.0 5.3 14.7 8.0 10.7 4.0 8.0 5.3 10.7 6.7 5.3 5.3 9.3 8.0 18.7 1.3
1.8 7.3 0.0 10.9 5.5 12.7 0.9 2.7 1.8 7.3 0.9 8.2 0.0 13.6 3.6 10.0 0.0 7.3 2.7 5.5 0.0 7.3 4.5 3.6 3.6 6.4 0.0 12.7 0.0
1.6 6.4 0.0 9.6 4.8 11.2 0.8 2.4 0.0 6.4 0.8 7.2 0.0 12.0 0.0 8.8 0.0 6.4 0.0 4.8 0.0 6.4 4.0 3.2 0.0 5.6 0.0 11.2 0.8
1.8 7.3 0.0 10.9 5.5 12.7 0.9 2.7 0.0 7.3 0.0 8.2 0.0 13.6 0.0 10.0 5.5 7.3 2.7 5.5 3.6 7.3 4.5 3.6 0.0 6.4 5.5 12.7 0.0
2.0 8.0 1.0 12.0 6.0 14.0 1.0 3.0 2.0 8.0 1.0 9.0 3.0 15.0 4.0 11.0 6.0 8.0 3.0 6.0 4.0 8.0 5.0 4.0 4.0 7.0 6.0 14.0 1.0
0.0 5.7 0.0 8.6 4.3 10.0 0.7 2.1 1.4 5.7 0.0 6.4 2.1 10.7 0.0 7.9 0.0 5.7 2.1 4.3 0.0 5.7 0.0 2.9 0.0 5.0 0.0 10.0 0.7
7.0 9.0 17.0 18.0 30.0 36.0 50.0 51.0 54.0 56.0 64.0 65.0 74.0 77.0 92.0 96.0 107.0 113.0 121.0 124.0 130.0 134.0 142.0 147.0 151.0 155.0 162.0 168.0 182.0
19.0 21.0 29.0 30.0 42.0 48.0 62.0 63.0 66.0 68.0 76.0 77.0 86.0 89.0 104.0 108.0 119.0 125.0 133.0 136.0 142.0 146.0 154.0 159.0 163.0 167.0 174.0 180.0 194.0
25.0 26.4 32.1 32.1 40.7 45.0 55.0 55.0 57.1 58.6 64.3 64.3 70.7 72.9 83.6 83.6 91.4 95.7 101.4 103.6 107.9 107.9 113.6 113.6 116.4 116.4 121.4 125.7 135.7
29.0 29.0 34.7 34.7 43.3 43.3 53.3 53.3 55.4 56.9 62.6 63.3 69.7 71.9 82.6 82.6 90.4 90.4 96.1 96.1 100.4 100.4 106.1 109.7 112.6 112.6 117.6 121.9 131.9
41.0 43.0 51.0 52.0 64.0 70.0 84.0 85.0 88.0 90.0 98.0 99.0 108.0 111.0 126.0 130.0 141.0 147.0 155.0 158.0 164.0 168.0 176.0 181.0 185.0 189.0 196.0 202.0 216.0
52.0 54.0 62.0 63.0 75.0 81.0 95.0 96.0 99.0 101.0 109.0 110.0 119.0 122.0 137.0 141.0 152.0 158.0 166.0 169.0 175.0 179.0 187.0 192.0 196.0 200.0 207.0 213.0 227.0
62.0 64.0 72.0 73.0 85.0 91.0 105.0 106.0 109.0 111.0 119.0 120.0 129.0 132.0 147.0 151.0 162.0 168.0 176.0 179.0 185.0 189.0 197.0 202.0 206.0 210.0 217.0 223.0 237.0
68.0 69.4 75.1 75.9 84.4 88.7 98.7 99.4 101.6 103.0 108.7 109.4 115.9 115.9 126.6 129.4 137.3 137.3 143.0 145.1 149.4 149.4 155.1 155.1 158.0 158.0 163.0 167.3 177.3
77.0 77.0 84.3 84.3 95.2 95.2 107.9 108.8 111.5 113.4 120.6 120.6 128.8 131.5 145.2 148.8 158.8 164.3 171.5 171.5 177.0 180.6 187.9 192.5 196.1 196.1 202.5 202.5 215.2
85.0 86.6 93.0 93.8 103.4 108.2 119.4 119.4 121.8 123.4 129.8 130.6 137.8 137.8 149.8 149.8 158.6 163.4 169.8 172.2 177.0 180.2 186.6 186.6 189.8 189.8 195.4 200.2 211.4
89.0 89.0 96.3 97.2 108.1 108.1 120.8 121.7 124.5 124.5 131.7 132.6 140.8 143.5 157.2 160.8 170.8 170.8 178.1 178.1 183.5 187.2 194.5 194.5 198.1 201.7 208.1 213.5 226.3
93.0 93.0 99.4 100.2 109.8 109.8 121.0 121.0 123.4 123.4 129.8 130.6 137.8 137.8 149.8 149.8 158.6 158.6 165.0 165.0 169.8 173.0 179.4 179.4 182.6 182.6 188.2 188.2 199.4
104.0 106.0 114.0 115.0 127.0 133.0 147.0 148.0 151.0 153.0 161.0 162.0 171.0 174.0 189.0 193.0 204.0 210.0 218.0 221.0 227.0 231.0 239.0 244.0 248.0 252.0 259.0 265.0 279.0
112.0 113.6 120.0 120.8 130.4 130.4 141.6 142.4 144.8 144.8 151.2 152.0 159.2 159.2 171.2 171.2 180.0 180.0 186.4 186.4 191.2 191.2 197.6 197.6 200.8 200.8 206.4 211.2 222.4
123.0 124.6 131.0 131.0 140.6 145.4 156.6 156.6 159.0 160.6 167.0 167.0 174.2 174.2 186.2 186.2 195.0 195.0 201.4 203.8 208.6 211.8 218.2 218.2 221.4 221.4 227.0 231.8 243.0
131.0 133.7 144.3 145.7 161.7 169.7 188.3 189.7 193.7 196.3 207.0 208.3 220.3 224.3 244.3 249.7 264.3 272.3 283.0 287.0 295.0 300.3 311.0 317.7 323.0 328.3 337.7 345.7 364.3
142.0 144.0 152.0 153.0 165.0 171.0 185.0 186.0 189.0 189.0 197.0 198.0 207.0 210.0 225.0 225.0 236.0 242.0 250.0 253.0 259.0 259.0 267.0 272.0 276.0 276.0 283.0 289.0 303.0
152.0 154.0 162.0 163.0 175.0 181.0 195.0 196.0 199.0 201.0 209.0 210.0 219.0 222.0 237.0 241.0 252.0 258.0 266.0 269.0 275.0 279.0 287.0 292.0 296.0 300.0 307.0 313.0 327.0
157.0 157.0 163.4 164.2 173.8 173.8 185.0 185.8 188.2 189.8 196.2 196.2 203.4 205.8 217.8 221.0 229.8 234.6 241.0 241.0 245.8 245.8 252.2 252.2 255.4 258.6 264.2 264.2 275.4
164.0 166.7 177.3 178.7 194.7 202.7 221.3 222.7 226.7 229.3 240.0 241.3 253.3 257.3 277.3 282.7 297.3 305.3 316.0 320.0 328.0 333.3 344.0 350.7 356.0 361.3 370.7 378.7 397.3
172.0 174.0 182.0 183.0 195.0 201.0 215.0 216.0 219.0 221.0 229.0 230.0 239.0 242.0 257.0 261.0 272.0 278.0 286.0 289.0 295.0 299.0 307.0 312.0 316.0 320.0 327.0 333.0 347.0
179.0 181.7 192.3 193.7 209.7 217.7 236.3 237.7 241.7 244.3 255.0 256.3 268.3 272.3 292.3 297.7 312.3 320.3 331.0 335.0 343.0 348.3 359.0 365.7 371.0 376.3 385.7 393.7 412.3
190.0 192.7 203.3 204.7 220.7 228.7 247.3 248.7 252.7 255.3 266.0 267.3 279.3 283.3 303.3 308.7 323.3 331.3 342.0 346.0 354.0 359.3 370.0 376.7 382.0 387.3 396.7 404.7 423.3
194.0 194.0 199.7 200.4 209.0 209.0 219.0 219.0 221.1 222.6 228.3 228.3 234.7 234.7 245.4 245.4 253.3 257.6 263.3 265.4 269.7 272.6 278.3 278.3 281.1 284.0 289.0 293.3 303.3
203.0 205.0 213.0 214.0 226.0 232.0 246.0 247.0 250.0 252.0 260.0 261.0 270.0 273.0 288.0 292.0 303.0 309.0 317.0 320.0 326.0 330.0 338.0 343.0 347.0 351.0 358.0 364.0 378.0
208.0 209.6 216.0 216.8 226.4 226.4 237.6 237.6 240.0 241.6 248.0 248.0 255.2 255.2 267.2 267.2 276.0 276.0 282.4 284.8 289.6 292.8 299.2 299.2 302.4 305.6 311.2 311.2 322.4
216.0 218.0 226.0 227.0 239.0 239.0 253.0 254.0 257.0 257.0 265.0 265.0 274.0 277.0 292.0 296.0 307.0 313.0 321.0 324.0 330.0 334.0 342.0 342.0 346.0 346.0 353.0 359.0 373.0
227.0 229.0 237.0 238.0 250.0 256.0 270.0 270.0 273.0 273.0 281.0 282.0 291.0 291.0 306.0 310.0 321.0 327.0 335.0 338.0 344.0 348.0 356.0 361.0 365.0 369.0 376.0 376.0 390.0
234.0 236.0 244.0 245.0 257.0 257.0 271.0 272.0 275.0 275.0 283.0 284.0 293.0 293.0 308.0 308.0 319.0 325.0 333.0 336.0 342.0 346.0 354.0 359.0 363.0 367.0 374.0 374.0 388.0
242.0 244.7 255.3 256.7 272.7 280.7 299.3 300.7 304.7 307.3 318.0 319.3 331.3 335.3 355.3 360.7 375.3 383.3 394.0 398.0 406.0 411.3 422.0 428.7 434.0 439.3 448.7 456.7 475.3
253.0 255.0 263.0 264.0 276.0 282.0 296.0 297.0 300.0 302.0 310.0 311.0 320.0 323.0 338.0 342.0 353.0 359.0 367.0 370.0 376.0 380.0 388.0 393.0 397.0 401.0 408.0 414.0 428.0
261.0 263.0 271.0 272.0 284.0 290.0 304.0 305.0 308.0 310.0 318.0 319.0 328.0 331.0 346.0 350.0 361.0 367.0 375.0 378.0 384.0 388.0 396.0 401.0 405.0 409.0 416.0 422.0 436.0
273.0 275.7 286.3 287.7 303.7 311.7 330.3 331.7 335.7 338.3 349.0 350.3 362.3 366.3 386.3 391.7 406.3 414.3 425.0 429.0 437.0 442.3 453.0 459.7 465.0 470.3 479.7 487.7 506.3
285.0 287.0 295.0 296.0 308.0 314.0 328.0 329.0 332.0 334.0 342.0 343.0 352.0 355.0 370.0 374.0 385.0 391.0 399.0 402.0 408.0 412.0 420.0 425.0 429.0 433.0 440.0 446.0 460.0
292.0 294.7 305.3 306.7 322.7 330.7 349.3 350.7 354.7 357.3 368.0 369.3 381.3 385.3 405.3 410.7 425.3 433.3 444.0 448.0 456.0 461.3 472.0 478.7 484.0 489.3 498.7 506.7 525.3
299.0 300.8 308.1 308.1 319.0 324.5 337.2 338.1 340.8 342.6 349.9 350.8 359.0 359.0 372.6 376.3 386.3 386.3 393.5 396.3 401.7 401.7 409.0 413.5 417.2 420.8 427.2 427.2 439.9
310.0 311.6 318.0 318.0 327.6 332.4 343.6 344.4 346.8 346.8 353.2 354.0 361.2 361.2 373.2 373.2 382.0 382.0 388.4 388.4 393.2 393.2 399.6 403.6 406.8 406.8 412.4 412.4 423.6
320.0 321.8 329.1 329.1 340.0 345.5 358.2 359.1 361.8 361.8 369.1 369.1 377.3 377.3 390.9 390.9 400.9 406.4 413.6 416.4 421.8 425.5 432.7 437.3 440.9 440.9 447.3 452.7 465.5
331.0 333.0 341.0 342.0 354.0 360.0 374.0 375.0 378.0 380.0 388.0 389.0 398.0 401.0 416.0 420.0 431.0 437.0 445.0 448.0 454.0 458.0 466.0 471.0 475.0 479.0 486.0 492.0 506.0
340.0 340.0 345.7 345.7 354.3 358.6 368.6 369.3 371.4 372.9 378.6 378.6 385.0 387.1 397.9 397.9 405.7 405.7 411.4 413.6 417.9 417.9 423.6 423.6 426.4 426.4 431.4 431.4 441.4