25
40
5.0 10.0 6.0 9.0 6.0 6.0 3.0 7.0 1.0 6.0 6.0 8.0 2.0 4.0 4.0 15.0 5.0 4.0 3.0 12.0 5.0 6.0 3.0 5.0 2.0 10.0 6.0 4.0 6.0 6.0 6.0 14.0 2.0 8.0 4.0 15.0 6.0 3.0 2.0 11.0 1.0 6.0 2.0 4.0 2.0 10.0 6.0 7.0 5.0
4.0 8.0 0.0 7.2 0.0 4.8 0.0 5.6 0.8 4.8 4.8 6.4 0.0 3.2 3.2 12.0 0.0 3.2 0.0 9.6 4.0 4.8 0.0 4.0 0.0 8.0 4.8 3.2 0.0 4.8 0.0 11.2 1.6 6.4 3.2 12.0 0.0 2.4 0.0 8.8 0.0 4.8 0.0 3.2 1.6 8.0 4.8 5.6 4.0
5.0 10.0 0.0 9.0 6.0 6.0 3.0 7.0 0.0 6.0 6.0 8.0 0.0 4.0 0.0 15.0 5.0 4.0 3.0 12.0 5.0 6.0 3.0 5.0 2.0 10.0 0.0 4.0 6.0 6.0 0.0 14.0 2.0 8.0 0.0 15.0 6.0 3.0 2.0 11.0 0.0 6.0 2.0 4.0 2.0 10.0 6.0 7.0 5.0
5.0 10.0 6.0 9.0 6.0 6.0 3.0 7.0 1.0 6.0 6.0 8.0 2.0 4.0 4.0 15.0 5.0 4.0 3.0 12.0 5.0 6.0 3.0 5.0 2.0 10.0 6.0 4.0 6.0 6.0 6.0 14.0 2.0 8.0 4.0 15.0 6.0 3.0 2.0 11.0 1.0 6.0 2.0 4.0 2.0 10.0 6.0 7.0 5.0
5.0 10.0 6.0 9.0 6.0 6.0 3.0 7.0 1.0 6.0 6.0 8.0 2.0 4.0 4.0 15.0 5.0 4.0 3.0 12.0 5.0 6.0 3.0 5.0 2.0 10.0 6.0 4.0 6.0 6.0 6.0 14.0 2.0 8.0 4.0 15.0 6.0 3.0 2.0 11.0 1.0 6.0 2.0 4.0 2.0 10.0 6.0 7.0 5.0
4.5 9.1 5.5 8.2 0.0 5.5 0.0 6.4 0.9 5.5 0.0 7.3 1.8 3.6 0.0 13.6 4.5 3.6 2.7 10.9 4.5 5.5 0.0 4.5 1.8 9.1 5.5 3.6 0.0 5.5 0.0 12.7 0.0 7.3 0.0 13.6 5.5 2.7 0.0 10.0 0.0 5.5 1.8 3.6 1.8 9.1 0.0 6.4 4.5
5.0 10.0 6.0 9.0 6.0 6.0 3.0 7.0 1.0 6.0 6.0 8.0 2.0 4.0 4.0 15.0 5.0 4.0 3.0 12.0 5.0 6.0 3.0 5.0 2.0 10.0 6.0 4.0 6.0 6.0 6.0 14.0 2.0 8.0 4.0 15.0 6.0 3.0 2.0 11.0 1.0 6.0 2.0 4.0 2.0 10.0 6.0 7.0 5.0
4.5 9.1 5.5 8.2 0.0 5.5 2.7 6.4 0.9 5.5 0.0 7.3 1.8 3.6 3.6 13.6 4.5 3.6 0.0 10.9 0.0 5.5 2.7 4.5 0.0 9.1 0.0 3.6 0.0 5.5 5.5 12.7 1.8 7.3 0.0 13.6 5.5 2.7 0.0 10.0 0.9 5.5 0.0 3.6 1.8 9.1 0.0 6.4 4.5
0.0 10.0 6.0 9.0 0.0 6.0 3.0 7.0 1.0 6.0 0.0 8.0 0.0 4.0 4.0 15.0 5.0 4.0 3.0 12.0 0.0 6.0 3.0 5.0 2.0 10.0 6.0 4.0 6.0 6.0 6.0 14.0 0.0 8.0 4.0 15.0 0.0 3.0 0.0 11.0 1.0 6.0 2.0 4.0 0.0 10.0 6.0 7.0 0.0
4.5 9.1 0.0 8.2 5.5 5.5 2.7 6.4 0.0 5.5 5.5 7.3 1.8 3.6 3.6 13.6 4.5 3.6 2.7 10.9 0.0 5.5 0.0 4.5 0.0 9.1 0.0 3.6 5.5 5.5 0.0 12.7 1.8 7.3 0.0 13.6 5.5 2.7 0.0 10.0 0.0 5.5 1.8 3.6 1.8 9.1 5.5 6.4 0.0
5.0 10.0 6.0 9.0 6.0 6.0 3.0 7.0 1.0 6.0 6.0 8.0 2.0 4.0 4.0 15.0 5.0 4.0 3.0 12.0 5.0 6.0 3.0 5.0 2.0 10.0 6.0 4.0 6.0 6.0 6.0 14.0 2.0 8.0 4.0 15.0 6.0 3.0 2.0 11.0 1.0 6.0 2.0 4.0 2.0 10.0 6.0 7.0 5.0
6.7 13.3 8.0 12.0 8.0 8.0 4.0 9.3 1.3 8.0 8.0 10.7 2.7 5.3 5.3 20.0 6.7 5.3 4.0 16.0 6.7 8.0 4.0 6.7 2.7 13.3 8.0 5.3 8.0 8.0 8.0 18.7 2.7 10.7 5.3 20.0 8.0 4.0 2.7 14.7 1.3 8.0 2.7 5.3 2.7 13.3 8.0 9.3 6.7
3.6 7.1 4.3 6.4 0.0 4.3 0.0 5.0 0.7 4.3 0.0 5.7 0.0 2.9 2.9 10.7 3.6 2.9 0.0 8.6 3.6 4.3 2.1 3.6 1.4 7.1 0.0 2.9 0.0 4.3 0.0 10.0 0.0 5.7 0.0 10.7 4.3 2.1 1.4 7.9 0.7 4.3 1.4 2.9 1.4 7.1 0.0 5.0 0.0
0.0 9.1 5.5 8.2 0.0 5.5 2.7 6.4 0.9 5.5 5.5 7.3 0.0 3.6 0.0 13.6 4.5 3.6 0.0 10.9 4.5 5.5 0.0 4.5 0.0 9.1 0.0 3.6 5.5 5.5 0.0 12.7 0.0 7.3 0.0 13.6 5.5 2.7 1.8 10.0 0.0 5.5 1.8 3.6 0.0 9.1 0.0 6.4 0.0
5.0 10.0 6.0 9.0 6.0 6.0 3.0 7.0 1.0 6.0 6.0 8.0 2.0 4.0 4.0 15.0 5.0 4.0 3.0 12.0 5.0 6.0 3.0 5.0 2.0 10.0 6.0 4.0 6.0 6.0 6.0 14.0 2.0 8.0 4.0 15.0 6.0 3.0 2.0 11.0 1.0 6.0 2.0 4.0 2.0 10.0 6.0 7.0 5.0
4.0 8.0 0.0 7.2 0.0 4.8 0.0 5.6 0.0 4.8 0.0 6.4 0.0 3.2 3.2 12.0 0.0 3.2 2.4 9.6 4.0 4.8 0.0 4.0 1.6 8.0 0.0 3.2 0.0 4.8 0.0 11.2 1.6 6.4 3.2 12.0 4.8 2.4 1.6 8.8 0.0 4.8 1.6 3.2 0.0 8.0 0.0 5.6 0.0
5.0 10.0 6.0 9.0 6.0 6.0 3.0 7.0 1.0 6.0 6.0 8.0 2.0 4.0 4.0 15.0 5.0 4.0 3.0 12.0 5.0 6.0 3.0 5.0 2.0 10.0 6.0 4.0 6.0 6.0 6.0 14.0 2.0 8.0 4.0 15.0 6.0 3.0 2.0 11.0 1.0 6.0 2.0 4.0 2.0 10.0 6.0 7.0 5.0
0.0 9.1 0.0 8.2 5.5 5.5 2.7 6.4 0.0 5.5 0.0 7.3 1.8 3.6 3.6 13.6 4.5 3.6 0.0 10.9 0.0 5.5 2.7 4.5 0.0 9.1 5.5 3.6 0.0 5.5 5.5 12.7 0.0 7.3 0.0 13.6 0.0 2.7 0.0 10.0 0.9 5.5 0.0 3.6 1.8 9.1 5.5 6.4 0.0
5.0 10.0 6.0 9.0 6.0 6.0 3.0 7.0 1.0 6.0 6.0 8.0 2.0 4.0 4.0 15.0 5.0 4.0 3.0 12.0 5.0 6.0 3.0 5.0 2.0 10.0 6.0 4.0 6.0 6.0 6.0 14.0 2.0 8.0 4.0 15.0 6.0 3.0 2.0 11.0 1.0 6.0 2.0 4.0 2.0 10.0 6.0 7.0 5.0
0.0 8.0 4.8 7.2 4.8 4.8 2.4 5.6 0.8 4.8 4.8 6.4 1.6 3.2 0.0 12.0 0.0 3.2 0.0 9.6 0.0 4.8 2.4 4.0 0.0 8.0 0.0 3.2 0.0 4.8 0.0 11.2 0.0 6.4 0.0 12.0 0.0 2.4 1.6 8.8 0.0 4.8 1.6 3.2 1.6 8.0 0.0 5.6 0.0
5.0 10.0 6.0 9.0 6.0 6.0 3.0 7.0 1.0 6.0 6.0 8.0 2.0 4.0 4.0 15.0 5.0 4.0 3.0 12.0 5.0 6.0 3.0 5.0 2.0 10.0 6.0 4.0 6.0 6.0 6.0 14.0 2.0 8.0 4.0 15.0 6.0 3.0 2.0 11.0 1.0 6.0 2.0 4.0 2.0 10.0 6.0 7.0 5.0
5.0 10.0 6.0 9.0 6.0 6.0 3.0 7.0 1.0 6.0 6.0 8.0 2.0 4.0 4.0 15.0 5.0 4.0 3.0 12.0 5.0 6.0 3.0 5.0 2.0 10.0 6.0 4.0 6.0 6.0 6.0 14.0 2.0 8.0 4.0 15.0 6.0 3.0 2.0 11.0 1.0 6.0 2.0 4.0 2.0 10.0 6.0 7.0 5.0
0.0 8.0 4.8 7.2 0.0 4.8 0.0 5.6 0.0 4.8 4.8 6.4 0.0 3.2 3.2 12.0 0.0 3.2 0.0 9.6 0.0 4.8 0.0 4.0 1.6 8.0 4.8 3.2 0.0 4.8 4.8 11.2 1.6 6.4 3.2 12.0 0.0 2.4 0.0 8.8 0.8 4.8 0.0 3.2 0.0 8.0 0.0 5.6 0.0
5.0 10.0 6.0 9.0 6.0 6.0 3.0 7.0 1.0 6.0 6.0 8.0 2.0 4.0 4.0 15.0 5.0 4.0 3.0 12.0 5.0 6.0 3.0 5.0 2.0 10.0 6.0 4.0 6.0 6.0 6.0 14.0 2.0 8.0 4.0 15.0 6.0 3.0 2.0 11.0 1.0 6.0 2.0 4.0 2.0 10.0 6.0 7.0 5.0
0.0 9.1 0.0 8.2 5.5 5.5 2.7 6.4 0.0 5.5 5.5 7.3 0.0 3.6 0.0 13.6 4.5 3.6 0.0 10.9 0.0 5.5 2.7 4.5 1.8 9.1 0.0 3.6 5.5 5.5 5.5 12.7 1.8 7.3 0.0 13.6 5.5 2.7 1.8 10.0 0.9 5.5 0.0 3.6 0.0 9.1 0.0 6.4 0.0
0.0 9.1 0.0 8.2 0.0 5.5 0.0 6.4 0.0 5.5 5.5 7.3 1.8 3.6 0.0 13.6 0.0 3.6 2.7 10.9 0.0 5.5 0.0 4.5 1.8 9.1 5.5 3.6 5.5 5.5 5.5 12.7 0.0 7.3 0.0 13.6 0.0 2.7 0.0 10.0 0.9 5.5 0.0 3.6 0.0 9.1 0.0 6.4 0.0
5.0 10.0 6.0 9.0 6.0 6.0 3.0 7.0 1.0 6.0 6.0 8.0 2.0 4.0 4.0 15.0 5.0 4.0 3.0 12.0 5.0 6.0 3.0 5.0 2.0 10.0 6.0 4.0 6.0 6.0 6.0 14.0 2.0 8.0 4.0 15.0 6.0 3.0 2.0 11.0 1.0 6.0 2.0 4.0 2.0 10.0 6.0 7.0 5.0
0.0 8.0 0.0 7.2 0.0 4.8 2.4 5.6 0.0 4.8 4.8 6.4 1.6 3.2 3.2 12.0 0.0 3.2 2.4 9.6 0.0 4.8 0.0 4.0 0.0 8.0 0.0 3.2 0.0 4.8 4.8 11.2 0.0 6.4 3.2 12.0 4.8 2.4 1.6 8.8 0.0 4.8 1.6 3.2 0.0 8.0 4.8 5.6 4.0
5.0 10.0 6.0 9.0 0.0 6.0 3.0 7.0 1.0 6.0 6.0 8.0 2.0 4.0 4.0 15.0 5.0 4.0 0.0 12.0 5.0 6.0 3.0 5.0 2.0 10.0 0.0 4.0 6.0 6.0 6.0 14.0 2.0 8.0 0.0 15.0 6.0 3.0 0.0 11.0 1.0 6.0 0.0 4.0 2.0 10.0 6.0 7.0 5.0
6.7 13.3 8.0 12.0 8.0 8.0 4.0 9.3 1.3 8.0 8.0 10.7 2.7 5.3 5.3 20.0 6.7 5.3 4.0 16.0 6.7 8.0 4.0 6.7 2.7 13.3 8.0 5.3 8.0 8.0 8.0 18.7 2.7 10.7 5.3 20.0 8.0 4.0 2.7 14.7 1.3 8.0 2.7 5.3 2.7 13.3 8.0 9.3 6.7
0.0 10.0 6.0 9.0 0.0 6.0 3.0 7.0 1.0 6.0 6.0 8.0 2.0 4.0 0.0 15.0 5.0 4.0 0.0 12.0 5.0 6.0 0.0 5.0 0.0 10.0 6.0 4.0 6.0 6.0 0.0 14.0 2.0 8.0 4.0 15.0 6.0 3.0 2.0 11.0 0.0 6.0 0.0 4.0 2.0 10.0 6.0 7.0 5.0
6.7 13.3 8.0 12.0 8.0 8.0 4.0 9.3 1.3 8.0 8.0 10.7 2.7 5.3 5.3 20.0 6.7 5.3 4.0 16.0 6.7 8.0 4.0 6.7 2.7 13.3 8.0 5.3 8.0 8.0 8.0 18.7 2.7 10.7 5.3 20.0 8.0 4.0 2.7 14.7 1.3 8.0 2.7 5.3 2.7 13.3 8.0 9.3 6.7
0.0 10.0 0.0 9.0 6.0 6.0 3.0 7.0 0.0 6.0 6.0 8.0 2.0 4.0 4.0 15.0 5.0 4.0 3.0 12.0 5.0 6.0 3.0 5.0 0.0 10.0 6.0 4.0 0.0 6.0 0.0 14.0 2.0 8.0 4.0 15.0 0.0 3.0 2.0 11.0 1.0 6.0 2.0 4.0 2.0 10.0 0.0 7.0 5.0
3.6 7.1 0.0 6.4 0.0 4.3 2.1 5.0 0.0 4.3 4.3 5.7 0.0 2.9 2.9 10.7 0.0 2.9 0.0 8.6 3.6 4.3 0.0 3.6 0.0 7.1 0.0 2.9 4.3 4.3 0.0 10.0 0.0 5.7 0.0 10.7 4.3 2.1 0.0 7.9 0.7 4.3 1.4 2.9 1.4 7.1 4.3 5.0 0.0
0.0 8.0 4.8 7.2 0.0 4.8 0.0 5.6 0.0 4.8 4.8 6.4 0.0 3.2 3.2 12.0 4.0 3.2 0.0 9.6 0.0 4.8 2.4 4.0 1.6 8.0 4.8 3.2 0.0 4.8 4.8 11.2 1.6 6.4 0.0 12.0 0.0 2.4 1.6 8.8 0.0 4.8 0.0 3.2 0.0 8.0 0.0 5.6 4.0
0.0 9.1 5.5 8.2 5.5 5.5 2.7 6.4 0.0 5.5 5.5 7.3 0.0 3.6 3.6 13.6 0.0 3.6 0.0 10.9 0.0 5.5 0.0 4.5 1.8 9.1 0.0 3.6 0.0 5.5 5.5 12.7 1.8 7.3 0.0 13.6 0.0 2.7 1.8 10.0 0.0 5.5 1.8 3.6 1.8 9.1 0.0 6.4 4.5
4.5 9.1 0.0 8.2 0.0 5.5 0.0 6.4 0.9 5.5 5.5 7.3 1.8 3.6 0.0 13.6 0.0 3.6 2.7 10.9 0.0 5.5 0.0 4.5 1.8 9.1 5.5 3.6 0.0 5.5 0.0 12.7 0.0 7.3 3.6 13.6 0.0 2.7 1.8 10.0 0.9 5.5 0.0 3.6 0.0 9.1 5.5 6.4 4.5
5.0 10.0 6.0 9.0 6.0 6.0 3.0 7.0 1.0 6.0 6.0 8.0 2.0 4.0 4.0 15.0 5.0 4.0 3.0 12.0 5.0 6.0 3.0 5.0 2.0 10.0 6.0 4.0 6.0 6.0 6.0 14.0 2.0 8.0 4.0 15.0 6.0 3.0 2.0 11.0 1.0 6.0 2.0 4.0 2.0 10.0 6.0 7.0 5.0
5.0 10.0 6.0 9.0 6.0 6.0 3.0 7.0 1.0 6.0 6.0 8.0 2.0 4.0 4.0 15.0 5.0 4.0 3.0 12.0 5.0 6.0 3.0 5.0 2.0 10.0 6.0 4.0 6.0 6.0 6.0 14.0 2.0 8.0 4.0 15.0 6.0 3.0 2.0 11.0 1.0 6.0 2.0 4.0 2.0 10.0 6.0 7.0 5.0
4.5 9.1 0.0 8.2 0.0 5.5 2.7 6.4 0.0 5.5 5.5 7.3 1.8 3.6 0.0 13.6 0.0 3.6 0.0 10.9 4.5 5.5 0.0 4.5 0.0 9.1 5.5 3.6 5.5 5.5 0.0 12.7 1.8 7.3 0.0 13.6 0.0 2.7 0.0 10.0 0.9 5.5 1.8 3.6 1.8 9.1 0.0 6.4 4.5
11.0 16.0 26.0 32.0 41.0 47.0 53.0 56.0 63.0 64.0 70.0 76.0 84.0 86.0 90.0 94.0 109.0 114.0 118.0 121.0 133.0 138.0 144.0 147.0 152.0 154.0 164.0 170.0 174.0 180.0 186.0 192.0 206.0 208.0 216.0 220.0 235.0 241.0 244.0 246.0 257.0 258.0 264.0 266.0 270.0 272.0 282.0 288.0 295.0
22.0 26.0 34.0 34.0 41.2 41.2 46.0 46.0 51.6 52.4 57.2 62.0 68.4 68.4 71.6 74.8 86.8 86.8 90.0 90.0 99.6 103.6 108.4 108.4 112.4 112.4 120.4 125.2 128.4 128.4 133.2 133.2 144.4 146.0 152.4 155.6 167.6 167.6 170.0 170.0 178.8 178.8 183.6 183.6 186.8 188.4 196.4 201.2 206.8
34.0 39.0 49.0 49.0 58.0 64.0 70.0 73.0 80.0 80.0 86.0 92.0 100.0 100.0 104.0 104.0 119.0 124.0 128.0 131.0 143.0 148.0 154.0 157.0 162.0 164.0 174.0 174.0 178.0 184.0 190.0 190.0 204.0 206.0 214.0 214.0 229.0 235.0 238.0 240.0 251.0 251.0 257.0 259.0 263.0 265.0 275.0 281.0 288.0
49.0 54.0 64.0 70.0 79.0 85.0 91.0 94.0 101.0 102.0 108.0 114.0 122.0 124.0 128.0 132.0 147.0 152.0 156.0 159.0 171.0 176.0 182.0 185.0 190.0 192.0 202.0 208.0 212.0 218.0 224.0 230.0 244.0 246.0 254.0 258.0 273.0 279.0 282.0 284.0 295.0 296.0 302.0 304.0 308.0 310.0 320.0 326.0 333.0
63.0 68.0 78.0 84.0 93.0 99.0 105.0 108.0 115.0 116.0 122.0 128.0 136.0 138.0 142.0 146.0 161.0 166.0 170.0 173.0 185.0 190.0 196.0 199.0 204.0 206.0 216.0 222.0 226.0 232.0 238.0 244.0 258.0 260.0 268.0 272.0 287.0 293.0 296.0 298.0 309.0 310.0 316.0 318.0 322.0 324.0 334.0 340.0 347.0
77.0 81.5 90.6 96.1 104.3 104.3 109.7 109.7 116.1 117.0 122.5 122.5 129.7 131.5 135.2 135.2 148.8 153.4 157.0 159.7 170.6 175.2 180.6 180.6 185.2 187.0 196.1 201.5 205.2 205.2 210.6 210.6 223.4 223.4 230.6 230.6 244.3 249.7 252.5 252.5 262.5 262.5 267.9 269.7 273.4 275.2 284.3 284.3 290.6
92.0 97.0 107.0 113.0 122.0 128.0 134.0 137.0 144.0 145.0 151.0 157.0 165.0 167.0 171.0 175.0 190.0 195.0 199.0 202.0 214.0 219.0 225.0 228.0 233.0 235.0 245.0 251.0 255.0 261.0 267.0 273.0 287.0 289.0 297.0 301.0 316.0 322.0 325.0 327.0 338.0 339.0 345.0 347.0 351.0 353.0 363.0 369.0 376.0
103.0 107.5 116.6 122.1 130.3 130.3 135.7 138.5 144.8 145.7 151.2 151.2 158.5 160.3 163.9 167.5 181.2 185.7 189.4 189.4 200.3 200.3 205.7 208.5 213.0 213.0 222.1 222.1 225.7 225.7 231.2 236.6 249.4 251.2 258.5 258.5 272.1 277.5 280.3 280.3 290.3 291.2 296.6 296.6 300.3 302.1 311.2 311.2 317.5
112.0 112.0 122.0 128.0 137.0 137.0 143.0 146.0 153.0 154.0 160.0 160.0 168.0 168.0 172.0 176.0 191.0 196.0 200.0 203.0 215.0 215.0 221.0 224.0 229.0 231.0 241.0 247.0 251.0 257.0 263.0 269.0 283.0 283.0 291.0 295.0 310.0 310.0 313.0 313.0 324.0 325.0 331.0 333.0 337.0 337.0 347.0 353.0 360.0
120.0 124.5 133.6 133.6 141.8 147.3 152.7 155.5 161.8 161.8 167.3 172.7 180.0 181.8 185.5 189.1 202.7 207.3 210.9 213.6 224.5 224.5 230.0 230.0 234.5 234.5 243.6 243.6 247.3 252.7 258.2 258.2 270.9 272.7 280.0 280.0 293.6 299.1 301.8 301.8 311.8 311.8 317.3 319.1 322.7 324.5 333.6 339.1 345.5
134.0 139.0 149.0 155.0 164.0 170.0 176.0 179.0 186.0 187.0 193.0 199.0 207.0 209.0 213.0 217.0 232.0 237.0 241.0 244.0 256.0 261.0 267.0 270.0 275.0 277.0 287.0 293.0 297.0 303.0 309.0 315.0 329.0 331.0 339.0 343.0 358.0 364.0 367.0 369.0 380.0 381.0 387.0 389.0 393.0 395.0 405.0 411.0 418.0
145.0 151.7 165.0 173.0 185.0 193.0 201.0 205.0 214.3 215.7 223.7 231.7 242.3 245.0 250.3 255.7 275.7 282.3 287.7 291.7 307.7 314.3 322.3 326.3 333.0 335.7 349.0 357.0 362.3 370.3 378.3 386.3 405.0 407.7 418.3 423.7 443.7 451.7 455.7 458.3 473.0 474.3 482.3 485.0 490.3 493.0 506.3 514.3 523.7
152.0 155.6 162.7 167.0 173.4 173.4 177.7 177.7 182.7 183.4 187.7 187.7 193.4 193.4 196.3 199.1 209.9 213.4 216.3 216.3 224.9 228.4 232.7 234.9 238.4 239.9 247.0 247.0 249.9 249.9 254.1 254.1 264.1 264.1 269.9 269.9 280.6 284.9 287.0 288.4 296.3 297.0 301.3 302.7 305.6 307.0 314.1 314.1 319.1
157.0 157.0 166.1 171.5 179.7 179.7 185.2 187.9 194.3 195.2 200.6 206.1 213.4 213.4 217.0 217.0 230.6 235.2 238.8 238.8 249.7 254.3 259.7 259.7 264.3 264.3 273.4 273.4 277.0 282.5 287.9 287.9 300.6 300.6 307.9 307.9 321.5 327.0 329.7 331.5 341.5 341.5 347.0 348.8 352.5 352.5 361.5 361.5 367.9
172.0 177.0 187.0 193.0 202.0 208.0 214.0 217.0 224.0 225.0 231.0 237.0 245.0 247.0 251.0 255.0 270.0 275.0 279.0 282.0 294.0 299.0 305.0 308.0 313.0 315.0 325.0 331.0 335.0 341.0 347.0 353.0 367.0 369.0 377.0 381.0 396.0 402.0 405.0 407.0 418.0 419.0 425.0 427.0 431.0 433.0 443.0 449.0 456.0
184.0 188.0 196.0 196.0 203.2 203.2 208.0 208.0 213.6 213.6 218.4 218.4 224.8 224.8 228.0 231.2 243.2 243.2 246.4 248.8 258.4 262.4 267.2 267.2 271.2 272.8 280.8 280.8 284.0 284.0 288.8 288.8 300.0 301.6 308.0 311.2 323.2 328.0 330.4 332.0 340.8 340.8 345.6 347.2 350.4 350.4 358.4 358.4 364.0
199.0 204.0 214.0 220.0 229.0 235.0 241.0 244.0 251.0 252.0 258.0 264.0 272.0 274.0 278.0 282.0 297.0 302.0 306.0 309.0 321.0 326.0 332.0 335.0 340.0 342.0 352.0 358.0 362.0 368.0 374.0 380.0 394.0 396.0 404.0 408.0 423.0 429.0 432.0 434.0 445.0 446.0 452.0 454.0 458.0 460.0 470.0 476.0 483.0
208.0 208.0 217.1 217.1 225.3 230.7 236.2 238.9 245.3 245.3 250.7 250.7 258.0 259.8 263.5 267.1 280.7 285.3 288.9 288.9 299.8 299.8 305.3 308.0 312.5 312.5 321.6 327.1 330.7 330.7 336.2 341.6 354.4 354.4 361.6 361.6 375.3 375.3 378.0 378.0 388.0 388.9 394.4 394.4 398.0 399.8 408.9 414.4 420.7
222.0 227.0 237.0 243.0 252.0 258.0 264.0 267.0 274.0 275.0 281.0 287.0 295.0 297.0 301.0 305.0 320.0 325.0 329.0 332.0 344.0 349.0 355.0 358.0 363.0 365.0 375.0 381.0 385.0 391.0 397.0 403.0 417.0 419.0 427.0 431.0 446.0 452.0 455.0 457.0 468.0 469.0 475.0 477.0 481.0 483.0 493.0 499.0 506.0
227.0 227.0 235.0 239.8 247.0 251.8 256.6 259.0 264.6 265.4 270.2 275.0 281.4 283.0 286.2 286.2 298.2 298.2 301.4 301.4 311.0 311.0 315.8 318.2 322.2 322.2 330.2 330.2 333.4 333.4 338.2 338.2 349.4 349.4 355.8 355.8 367.8 367.8 370.2 371.8 380.6 380.6 385.4 387.0 390.2 391.8 399.8 399.8 405.4
236.0 241.0 251.0 257.0 266.0 272.0 278.0 281.0 288.0 289.0 295.0 301.0 309.0 311.0 315.0 319.0 334.0 339.0 343.0 346.0 358.0 363.0 369.0 372.0 377.0 379.0 389.0 395.0 399.0 405.0 411.0 417.0 431.0 433.0 441.0 445.0 460.0 466.0 469.0 471.0 482.0 483.0 489.0 491.0 495.0 497.0 507.0 513.0 520.0
251.0 256.0 266.0 272.0 281.0 287.0 293.0 296.0 303.0 304.0 310.0 316.0 324.0 326.0 330.0 334.0 349.0 354.0 358.0 361.0 373.0 378.0 384.0 387.0 392.0 394.0 404.0 410.0 414.0 420.0 426.0 432.0 446.0 448.0 456.0 460.0 475.0 481.0 484.0 486.0 497.0 498.0 504.0 506.0 510.0 512.0 522.0 528.0 535.0
260.0 260.0 268.0 272.8 280.0 280.0 284.8 284.8 290.4 290.4 295.2 300.0 306.4 306.4 309.6 312.8 324.8 324.8 328.0 328.0 337.6 337.6 342.4 342.4 346.4 348.0 356.0 360.8 364.0 364.0 368.8 373.6 384.8 386.4 392.8 396.0 408.0 408.0 410.4 410.4 419.2 420.0 424.8 424.8 428.0 428.0 436.0 436.0 441.6
273.0 278.0 288.0 294.0 303.0 309.0 315.0 318.0 325.0 326.0 332.0 338.0 346.0 348.0 352.0 356.0 371.0 376.0 380.0 383.0 395.0 400.0 406.0 409.0 414.0 416.0 426.0 432.0 436.0 442.0 448.0 454.0 468.0 470.0 478.0 482.0 497.0 503.0 506.0 508.0 519.0 520.0 526.0 528.0 532.0 534.0 544.0 550.0 557.0
281.0 281.0 290.1 290.1 298.3 303.7 309.2 311.9 318.3 318.3 323.7 329.2 336.5 336.5 340.1 340.1 353.7 358.3 361.9 361.9 372.8 372.8 378.3 381.0 385.5 387.4 396.5 396.5 400.1 405.5 411.0 416.5 429.2 431.0 438.3 438.3 451.9 457.4 460.1 461.9 471.9 472.8 478.3 478.3 481.9 481.9 491.0 491.0 497.4
291.0 291.0 300.1 300.1 308.3 308.3 313.7 313.7 320.1 320.1 325.5 331.0 338.3 340.1 343.7 343.7 357.4 357.4 361.0 363.7 374.6 374.6 380.1 380.1 384.6 386.5 395.5 401.0 404.6 410.1 415.5 421.0 433.7 433.7 441.0 441.0 454.6 454.6 457.4 457.4 467.4 468.3 473.7 473.7 477.4 477.4 486.5 486.5 492.8
304.0 309.0 319.0 325.0 334.0 340.0 346.0 349.0 356.0 357.0 363.0 369.0 377.0 379.0 383.0 387.0 402.0 407.0 411.0 414.0 426.0 431.0 437.0 440.0 445.0 447.0 457.0 463.0 467.0 473.0 479.0 485.0 499.0 501.0 509.0 513.0 528.0 534.0 537.0 539.0 550.0 551.0 557.0 559.0 563.0 565.0 575.0 581.0 588.0
311.0 311.0 319.0 319.0 326.2 326.2 331.0 333.4 339.0 339.0 343.8 348.6 355.0 356.6 359.8 363.0 375.0 375.0 378.2 380.6 390.2 390.2 395.0 395.0 399.0 399.0 407.0 407.0 410.2 410.2 415.0 419.8 431.0 431.0 437.4 440.6 452.6 457.4 459.8 461.4 470.2 470.2 475.0 476.6 479.8 479.8 487.8 492.6 498.2
320.0 325.0 335.0 341.0 350.0 350.0 356.0 359.0 366.0 367.0 373.0 379.0 387.0 389.0 393.0 397.0 412.0 417.0 421.0 421.0 433.0 438.0 444.0 447.0 452.0 454.0 464.0 464.0 468.0 474.0 480.0 486.0 500.0 502.0 510.0 510.0 525.0 531.0 534.0 534.0 545.0 546.0 552.0 552.0 556.0 558.0 568.0 574.0 581.0
330.0 336.7 350.0 358.0 370.0 378.0 386.0 390.0 399.3 400.7 408.7 416.7 427.3 430.0 435.3 440.7 460.7 467.3 472.7 476.7 492.7 499.3 507.3 511.3 518.0 520.7 534.0 542.0 547.3 555.3 563.3 571.3 590.0 592.7 603.3 608.7 628.7 636.7 640.7 643.3 658.0 659.3 667.3 670.0 675.3 678.0 691.3 699.3 708.7
337.0 337.0 347.0 353.0 362.0 362.0 368.0 371.0 378.0 379.0 385.0 391.0 399.0 401.0 405.0 405.0 420.0 425.0 429.0 429.0 441.0 446.0 452.0 452.0 457.0 457.0 467.0 473.0 477.0 483.0 489.0 489.0 503.0 505.0 513.0 517.0 532.0 538.0 541.0 543.0 554.0 554.0 560.0 560.0 564.0 566.0 576.0 582.0 589.0
351.0 357.7 371.0 379.0 391.0 399.0 407.0 411.0 420.3 421.7 429.7 437.7 448.3 451.0 456.3 461.7 481.7 488.3 493.7 497.7 513.7 520.3 528.3 532.3 539.0 541.7 555.0 563.0 568.3 576.3 584.3 592.3 611.0 613.7 624.3 629.7 649.7 657.7 661.7 664.3 679.0 680.3 688.3 691.0 696.3 699.0 712.3 720.3 729.7
360.0 360.0 370.0 370.0 379.0 385.0 391.0 394.0 401.0 401.0 407.0 413.0 421.0 423.0 427.0 431.0 446.0 451.0 455.0 458.0 470.0 475.0 481.0 484.0 489.0 489.0 499.0 505.0 509.0 509.0 515.0 515.0 529.0 531.0 539.0 543.0 558.0 558.0 561.0 563.0 574.0 575.0 581.0 583.0 587.0 589.0 599.0 599.0 606.0
370.0 373.6 380.7 380.7 387.1 387.1 391.4 393.6 398.6 398.6 402.9 407.1 412.9 412.9 415.7 418.6 429.3 429.3 432.1 432.1 440.7 444.3 448.6 448.6 452.1 452.1 459.3 459.3 462.1 466.4 470.7 470.7 480.7 480.7 486.4 486.4 497.1 501.4 503.6 503.6 511.4 512.1 516.4 517.9 520.7 522.1 529.3 533.6 538.6
374.0 374.0 382.0 386.8 394.0 394.0 398.8 398.8 404.4 404.4 409.2 414.0 420.4 420.4 423.6 426.8 438.8 442.8 446.0 446.0 455.6 455.6 460.4 462.8 466.8 468.4 476.4 481.2 484.4 484.4 489.2 494.0 505.2 506.8 513.2 513.2 525.2 525.2 527.6 529.2 538.0 538.0 542.8 542.8 546.0 546.0 554.0 554.0 559.6
384.0 384.0 393.1 398.5 406.7 412.2 417.6 420.4 426.7 426.7 432.2 437.6 444.9 444.9 448.5 452.2 465.8 465.8 469.5 469.5 480.4 480.4 485.8 485.8 490.4 492.2 501.3 501.3 504.9 504.9 510.4 515.8 528.5 530.4 537.6 537.6 551.3 551.3 554.0 555.8 565.8 565.8 571.3 573.1 576.7 578.5 587.6 587.6 594.0
392.0 396.5 405.6 405.6 413.8 413.8 419.3 419.3 425.6 426.5 432.0 437.5 444.7 446.5 450.2 450.2 463.8 463.8 467.5 470.2 481.1 481.1 486.5 486.5 491.1 492.9 502.0 507.5 511.1 511.1 516.5 516.5 529.3 529.3 536.5 540.2 553.8 553.8 556.5 558.4 568.4 569.3 574.7 574.7 578.4 578.4 587.5 592.9 599.3
407.0 412.0 422.0 428.0 437.0 443.0 449.0 452.0 459.0 460.0 466.0 472.0 480.0 482.0 486.0 490.0 505.0 510.0 514.0 517.0 529.0 534.0 540.0 543.0 548.0 550.0 560.0 566.0 570.0 576.0 582.0 588.0 602.0 604.0 612.0 616.0 631.0 637.0 640.0 642.0 653.0 654.0 660.0 662.0 666.0 668.0 678.0 684.0 691.0
419.0 424.0 434.0 440.0 449.0 455.0 461.0 464.0 471.0 472.0 478.0 484.0 492.0 494.0 498.0 502.0 517.0 522.0 526.0 529.0 541.0 546.0 552.0 555.0 560.0 562.0 572.0 578.0 582.0 588.0 594.0 600.0 614.0 616.0 624.0 628.0 643.0 649.0 652.0 654.0 665.0 666.0 672.0 674.0 678.0 680.0 690.0 696.0 703.0
429.0 433.5 442.6 442.6 450.8 450.8 456.3 459.0 465.4 465.4 470.8 476.3 483.5 485.4 489.0 489.0 502.6 502.6 506.3 506.3 517.2 521.7 527.2 527.2 531.7 531.7 540.8 546.3 549.9 555.4 560.8 560.8 573.5 575.4 582.6 582.6 596.3 596.3 599.0 599.0 609.0 609.9 615.4 617.2 620.8 622.6 631.7 631.7 638.1