10
15
0.9 10.9 0.0 2.7 0.0 7.3 4.5 4.5 0.9 13.6 0.0 2.7 0.0 4.5 0.0 10.9 0.0 10.0 3.6
1.0 12.0 5.0 3.0 1.0 8.0 5.0 5.0 1.0 15.0 3.0 3.0 4.0 5.0 4.0 12.0 4.0 11.0 4.0
0.9 10.9 4.5 2.7 0.9 7.3 0.0 4.5 0.9 13.6 0.0 2.7 0.0 4.5 3.6 10.9 0.0 10.0 0.0
0.0 9.6 0.0 2.4 0.0 6.4 0.0 4.0 0.0 12.0 2.4 2.4 3.2 4.0 3.2 9.6 0.0 8.8 0.0
1.0 12.0 5.0 3.0 1.0 8.0 5.0 5.0 1.0 15.0 3.0 3.0 4.0 5.0 4.0 12.0 4.0 11.0 4.0
1.0 12.0 5.0 3.0 1.0 8.0 5.0 5.0 1.0 15.0 3.0 3.0 4.0 5.0 4.0 12.0 4.0 11.0 4.0
1.0 12.0 5.0 3.0 1.0 8.0 5.0 5.0 1.0 15.0 3.0 3.0 4.0 5.0 4.0 12.0 4.0 11.0 4.0
1.0 12.0 5.0 3.0 1.0 8.0 5.0 5.0 1.0 15.0 3.0 3.0 4.0 5.0 4.0 12.0 4.0 11.0 4.0
1.0 12.0 5.0 3.0 1.0 8.0 5.0 5.0 1.0 15.0 3.0 3.0 4.0 5.0 4.0 12.0 4.0 11.0 4.0
1.0 12.0 5.0 3.0 1.0 8.0 5.0 5.0 1.0 15.0 3.0 3.0 4.0 5.0 4.0 12.0 4.0 11.0 4.0
1.0 12.0 5.0 3.0 1.0 8.0 5.0 5.0 1.0 15.0 3.0 3.0 4.0 5.0 4.0 12.0 4.0 11.0 4.0
1.0 12.0 5.0 3.0 0.0 8.0 5.0 5.0 1.0 15.0 3.0 3.0 0.0 5.0 4.0 12.0 0.0 11.0 4.0
1.3 16.0 6.7 4.0 1.3 10.7 6.7 6.7 1.3 20.0 4.0 4.0 5.3 6.7 5.3 16.0 5.3 14.7 5.3
1.0 12.0 5.0 3.0 1.0 8.0 5.0 5.0 1.0 15.0 3.0 3.0 4.0 5.0 4.0 12.0 4.0 11.0 4.0
1.3 16.0 6.7 4.0 1.3 10.7 6.7 6.7 1.3 20.0 4.0 4.0 5.3 6.7 5.3 16.0 5.3 14.7 5.3
8.0 8.9 19.8 19.8 22.5 22.5 29.8 34.4 38.9 39.8 53.5 53.5 56.2 56.2 60.7 60.7 71.6 71.6 81.6
18.0 19.0 31.0 36.0 39.0 40.0 48.0 53.0 58.0 59.0 74.0 77.0 80.0 84.0 89.0 93.0 105.0 109.0 120.0
26.0 26.9 37.8 42.4 45.1 46.0 53.3 53.3 57.8 58.7 72.4 72.4 75.1 75.1 79.6 83.3 94.2 94.2 104.2
36.0 36.0 45.6 45.6 48.0 48.0 54.4 54.4 58.4 58.4 70.4 72.8 75.2 78.4 82.4 85.6 95.2 95.2 104.0
42.0 43.0 55.0 60.0 63.0 64.0 72.0 77.0 82.0 83.0 98.0 101.0 104.0 108.0 113.0 117.0 129.0 133.0 144.0
47.0 48.0 60.0 65.0 68.0 69.0 77.0 82.0 87.0 88.0 103.0 106.0 109.0 113.0 118.0 122.0 134.0 138.0 149.0
54.0 55.0 67.0 72.0 75.0 76.0 84.0 89.0 94.0 95.0 110.0 113.0 116.0 120.0 125.0 129.0 141.0 145.0 156.0
60.0 61.0 73.0 78.0 81.0 82.0 90.0 95.0 100.0 101.0 116.0 119.0 122.0 126.0 131.0 135.0 147.0 151.0 162.0
69.0 70.0 82.0 87.0 90.0 91.0 99.0 104.0 109.0 110.0 125.0 128.0 131.0 135.0 140.0 144.0 156.0 160.0 171.0
74.0 75.0 87.0 92.0 95.0 96.0 104.0 109.0 114.0 115.0 130.0 133.0 136.0 140.0 145.0 149.0 161.0 165.0 176.0
79.0 80.0 92.0 97.0 100.0 101.0 109.0 114.0 119.0 120.0 135.0 138.0 141.0 145.0 150.0 154.0 166.0 170.0 181.0
90.0 91.0 103.0 108.0 111.0 111.0 119.0 124.0 129.0 130.0 145.0 148.0 151.0 151.0 156.0 160.0 172.0 172.0 183.0
98.0 99.3 115.3 122.0 126.0 127.3 138.0 144.7 151.3 152.7 172.7 176.7 180.7 186.0 192.7 198.0 214.0 219.3 234.0
106.0 107.0 119.0 124.0 127.0 128.0 136.0 141.0 146.0 147.0 162.0 165.0 168.0 172.0 177.0 181.0 193.0 197.0 208.0
111.0 112.3 128.3 135.0 139.0 140.3 151.0 157.7 164.3 165.7 185.7 189.7 193.7 199.0 205.7 211.0 227.0 232.3 247.0