12
26
2.0 20.0 2.0 14.0 2.0 14.0 2.0 7.0 2.0 5.0 2.0 8.0 2.0 4.0 2.0 4.0 2.0 4.0 2.0 6.0 2.0 10.0 2.0
2.0 20.0 2.0 14.0 2.0 14.0 2.0 7.0 2.0 5.0 2.0 8.0 2.0 4.0 2.0 4.0 2.0 4.0 2.0 6.0 2.0 10.0 2.0
2.0 20.0 2.0 14.0 2.0 14.0 2.0 7.0 2.0 5.0 2.0 8.0 2.0 4.0 0.0 4.0 0.0 4.0 0.0 6.0 0.0 10.0 2.0
2.0 20.0 2.0 14.0 2.0 14.0 2.0 7.0 2.0 5.0 2.0 8.0 2.0 4.0 2.0 4.0 2.0 4.0 2.0 6.0 2.0 10.0 2.0
2.0 20.0 2.0 14.0 2.0 14.0 2.0 7.0 2.0 5.0 2.0 8.0 2.0 4.0 2.0 4.0 2.0 4.0 2.0 6.0 2.0 10.0 2.0
2.0 20.0 2.0 14.0 2.0 14.0 2.0 7.0 2.0 5.0 2.0 8.0 2.0 4.0 2.0 4.0 2.0 4.0 2.0 6.0 2.0 10.0 2.0
0.0 0.0 0.0 0.0 0.0 0.0 0.0 0.0 0.0 0.0 0.0 0.0 0.0 4.0 2.0 4.0 2.0 4.0 2.0 6.0 2.0 10.0 2.0
0.0 0.0 0.0 0.0 0.0 0.0 0.0 0.0 0.0 0.0 0.0 0.0 0.0 4.0 2.0 4.0 2.0 4.0 2.0 6.0 2.0 10.0 2.0
1.6 16.0 0.0 11.2 0.0 11.2 0.0 5.6 0.0 4.0 0.0 6.4 0.0 3.2 0.0 3.2 0.0 3.2 0.0 4.8 0.0 8.0 1.6
1.6 16.0 0.0 11.2 0.0 11.2 0.0 5.6 0.0 4.0 0.0 6.4 0.0 3.2 0.0 3.2 0.0 3.2 0.0 4.8 0.0 8.0 1.6
1.6 16.0 0.0 11.2 0.0 11.2 0.0 5.6 0.0 4.0 0.0 6.4 0.0 3.2 0.0 3.2 0.0 3.2 0.0 4.8 0.0 8.0 1.6
1.6 16.0 0.0 11.2 0.0 11.2 0.0 5.6 0.0 4.0 0.0 6.4 0.0 3.2 0.0 3.2 0.0 3.2 0.0 4.8 0.0 8.0 1.6
1.4 14.3 0.0 10.0 0.0 10.0 0.0 5.0 0.0 3.6 0.0 5.7 0.0 2.9 0.0 2.9 0.0 2.9 0.0 4.3 0.0 7.1 1.4
1.4 14.3 0.0 10.0 0.0 10.0 0.0 5.0 0.0 3.6 0.0 5.7 0.0 2.9 0.0 2.9 0.0 2.9 0.0 4.3 0.0 7.1 1.4
1.4 14.3 0.0 10.0 0.0 10.0 0.0 5.0 0.0 3.6 0.0 5.7 0.0 2.9 0.0 2.9 0.0 2.9 0.0 4.3 0.0 7.1 1.4
1.4 14.3 0.0 10.0 0.0 10.0 0.0 5.0 0.0 3.6 0.0 5.7 0.0 2.9 0.0 2.9 0.0 2.9 0.0 4.3 0.0 7.1 1.4
0.0 0.0 0.0 0.0 0.0 0.0 0.0 0.0 0.0 0.0 0.0 0.0 0.0 0.0 0.0 0.0 0.0 0.0 2.7 8.0 2.7 13.3 2.7
0.0 0.0 0.0 0.0 0.0 0.0 0.0 0.0 0.0 0.0 0.0 0.0 0.0 0.0 0.0 0.0 0.0 0.0 2.7 8.0 2.7 13.3 2.7
0.0 0.0 0.0 0.0 0.0 0.0 0.0 0.0 0.0 0.0 0.0 0.0 0.0 0.0 0.0 0.0 0.0 0.0 2.7 8.0 2.7 13.3 2.7
0.0 0.0 0.0 0.0 0.0 0.0 0.0 0.0 0.0 0.0 0.0 0.0 0.0 0.0 0.0 0.0 0.0 0.0 2.7 8.0 2.7 13.3 2.7
0.0 0.0 0.0 0.0 0.0 0.0 0.0 0.0 0.0 0.0 0.0 0.0 0.0 0.0 0.0 0.0 0.0 0.0 2.7 8.0 2.7 13.3 2.7
0.0 0.0 0.0 0.0 0.0 0.0 0.0 0.0 0.0 0.0 0.0 0.0 0.0 0.0 0.0 0.0 0.0 0.0 2.7 8.0 2.7 13.3 2.7
0.0 0.0 0.0 0.0 0.0 0.0 0.0 0.0 0.0 0.0 0.0 0.0 0.0 0.0 0.0 0.0 0.0 0.0 2.7 8.0 2.7 13.3 2.7
0.0 0.0 0.0 0.0 0.0 0.0 0.0 0.0 0.0 0.0 0.0 0.0 0.0 0.0 0.0 0.0 0.0 0.0 2.7 8.0 2.7 13.3 2.7
0.0 0.0 0.0 0.0 0.0 0.0 0.0 0.0 0.0 0.0 0.0 0.0 0.0 0.0 0.0 0.0 0.0 0.0 2.7 8.0 2.7 13.3 2.7
0.0 0.0 0.0 0.0 0.0 0.0 0.0 0.0 0.0 0.0 0.0 0.0 0.0 0.0 0.0 0.0 0.0 0.0 2.7 8.0 2.7 13.3 2.7
20.0 22.0 42.0 44.0 58.0 60.0 74.0 76.0 83.0 85.0 90.0 92.0 100.0 102.0 106.0 108.0 112.0 114.0 118.0 120.0 126.0 128.0 138.0
45.0 47.0 67.0 69.0 83.0 85.0 99.0 101.0 108.0 110.0 115.0 117.0 125.0 127.0 131.0 133.0 137.0 139.0 143.0 145.0 151.0 153.0 163.0
70.0 72.0 92.0 94.0 108.0 110.0 124.0 126.0 133.0 135.0 140.0 142.0 150.0 152.0 156.0 156.0 160.0 160.0 164.0 164.0 170.0 170.0 180.0
110.0 112.0 132.0 134.0 148.0 150.0 164.0 166.0 173.0 175.0 180.0 182.0 190.0 192.0 196.0 198.0 202.0 204.0 208.0 210.0 216.0 218.0 228.0
135.0 137.0 157.0 159.0 173.0 175.0 189.0 191.0 198.0 200.0 205.0 207.0 215.0 217.0 221.0 223.0 227.0 229.0 233.0 235.0 241.0 243.0 253.0
177.0 179.0 199.0 201.0 215.0 217.0 231.0 233.0 240.0 242.0 247.0 249.0 257.0 259.0 263.0 265.0 269.0 271.0 275.0 277.0 283.0 285.0 295.0
175.0 175.0 175.0 175.0 175.0 175.0 175.0 175.0 175.0 175.0 175.0 175.0 175.0 175.0 179.0 181.0 185.0 187.0 191.0 193.0 199.0 201.0 211.0
207.0 207.0 207.0 207.0 207.0 207.0 207.0 207.0 207.0 207.0 207.0 207.0 207.0 207.0 211.0 213.0 217.0 219.0 223.0 225.0 231.0 233.0 243.0
60.0 61.6 77.6 77.6 88.8 88.8 100.0 100.0 105.6 105.6 109.6 109.6 116.0 116.0 119.2 119.2 122.4 122.4 125.6 125.6 130.4 130.4 138.4
120.0 121.6 137.6 137.6 148.8 148.8 160.0 160.0 165.6 165.6 169.6 169.6 176.0 176.0 179.2 179.2 182.4 182.4 185.6 185.6 190.4 190.4 198.4
180.0 181.6 197.6 197.6 208.8 208.8 220.0 220.0 225.6 225.6 229.6 229.6 236.0 236.0 239.2 239.2 242.4 242.4 245.6 245.6 250.4 250.4 258.4
270.0 271.6 287.6 287.6 298.8 298.8 310.0 310.0 315.6 315.6 319.6 319.6 326.0 326.0 329.2 329.2 332.4 332.4 335.6 335.6 340.4 340.4 348.4
30.0 31.4 45.7 45.7 55.7 55.7 65.7 65.7 70.7 70.7 74.3 74.3 80.0 80.0 82.9 82.9 85.7 85.7 88.6 88.6 92.9 92.9 100.0
90.0 91.4 105.7 105.7 115.7 115.7 125.7 125.7 130.7 130.7 134.3 134.3 140.0 140.0 142.9 142.9 145.7 145.7 148.6 148.6 152.9 152.9 160.0
150.0 151.4 165.7 165.7 175.7 175.7 185.7 185.7 190.7 190.7 194.3 194.3 200.0 200.0 202.9 202.9 205.7 205.7 208.6 208.6 212.9 212.9 220.0
210.0 211.4 225.7 225.7 235.7 235.7 245.7 245.7 250.7 250.7 254.3 254.3 260.0 260.0 262.9 262.9 265.7 265.7 268.6 268.6 272.9 272.9 280.0
132.0 132.0 132.0 132.0 132.0 132.0 132.0 132.0 132.0 132.0 132.0 132.0 132.0 132.0 132.0 132.0 132.0 132.0 132.0 134.7 142.7 145.3 158.7
144.0 144.0 144.0 144.0 144.0 144.0 144.0 144.0 144.0 144.0 144.0 144.0 144.0 144.0 144.0 144.0 144.0 144.0 144.0 146.7 154.7 157.3 170.7
156.0 156.0 156.0 156.0 156.0 156.0 156.0 156.0 156.0 156.0 156.0 156.0 156.0 156.0 156.0 156.0 156.0 156.0 156.0 158.7 166.7 169.3 182.7
168.0 168.0 168.0 168.0 168.0 168.0 168.0 168.0 168.0 168.0 168.0 168.0 168.0 168.0 168.0 168.0 168.0 168.0 168.0 170.7 178.7 181.3 194.7
180.0 180.0 180.0 180.0 180.0 180.0 180.0 180.0 180.0 180.0 180.0 180.0 180.0 180.0 180.0 180.0 180.0 180.0 180.0 182.7 190.7 193.3 206.7
192.0 192.0 192.0 192.0 192.0 192.0 192.0 192.0 192.0 192.0 192.0 192.0 192.0 192.0 192.0 192.0 192.0 192.0 192.0 194.7 202.7 205.3 218.7
204.0 204.0 204.0 204.0 204.0 204.0 204.0 204.0 204.0 204.0 204.0 204.0 204.0 204.0 204.0 204.0 204.0 204.0 204.0 206.7 214.7 217.3 230.7
216.0 216.0 216.0 216.0 216.0 216.0 216.0 216.0 216.0 216.0 216.0 216.0 216.0 216.0 216.0 216.0 216.0 216.0 216.0 218.7 226.7 229.3 242.7
228.0 228.0 228.0 228.0 228.0 228.0 228.0 228.0 228.0 228.0 228.0 228.0 228.0 228.0 228.0 228.0 228.0 228.0 228.0 230.7 238.7 241.3 254.7
240.0 240.0 240.0 240.0 240.0 240.0 240.0 240.0 240.0 240.0 240.0 240.0 240.0 240.0 240.0 240.0 240.0 240.0 240.0 242.7 250.7 253.3 266.7