8
12
3.2 6.4 4.8 6.4 0.0 4.0 0.0 12.0 4.0 7.2 0.0 7.2 0.0 2.4 2.4
5.3 10.7 8.0 10.7 5.3 6.7 6.7 20.0 6.7 12.0 5.3 12.0 2.7 4.0 4.0
3.2 6.4 0.0 6.4 0.0 4.0 0.0 12.0 4.0 7.2 0.0 7.2 1.6 2.4 0.0
3.2 6.4 0.0 6.4 0.0 4.0 4.0 12.0 4.0 7.2 3.2 7.2 0.0 2.4 0.0
4.0 8.0 6.0 8.0 4.0 5.0 5.0 15.0 5.0 9.0 4.0 9.0 2.0 3.0 3.0
4.0 8.0 6.0 8.0 4.0 5.0 5.0 15.0 5.0 9.0 4.0 9.0 2.0 3.0 3.0
3.2 6.4 0.0 6.4 3.2 4.0 0.0 12.0 0.0 7.2 0.0 7.2 1.6 2.4 2.4
4.0 8.0 6.0 8.0 0.0 5.0 5.0 15.0 0.0 9.0 0.0 9.0 2.0 3.0 3.0
3.2 6.4 4.8 6.4 3.2 4.0 0.0 12.0 4.0 7.2 0.0 7.2 0.0 2.4 2.4
0.0 8.0 0.0 8.0 4.0 5.0 0.0 15.0 0.0 9.0 4.0 9.0 2.0 3.0 3.0
4.0 8.0 6.0 8.0 4.0 5.0 5.0 15.0 5.0 9.0 4.0 9.0 2.0 3.0 3.0
4.0 8.0 6.0 8.0 4.0 5.0 5.0 15.0 5.0 9.0 4.0 9.0 2.0 3.0 3.0
10.0 13.2 19.6 24.4 30.8 30.8 34.8 34.8 46.8 50.8 58.0 58.0 65.2 65.2 67.6
19.0 24.3 35.0 43.0 53.7 59.0 65.7 72.3 92.3 99.0 111.0 116.3 128.3 131.0 135.0
30.0 33.2 39.6 39.6 46.0 46.0 50.0 50.0 62.0 66.0 73.2 73.2 80.4 82.0 84.4
38.0 41.2 47.6 47.6 54.0 54.0 58.0 62.0 74.0 78.0 85.2 88.4 95.6 95.6 98.0
50.0 54.0 62.0 68.0 76.0 80.0 85.0 90.0 105.0 110.0 119.0 123.0 132.0 134.0 137.0
59.0 63.0 71.0 77.0 85.0 89.0 94.0 99.0 114.0 119.0 128.0 132.0 141.0 143.0 146.0
66.0 69.2 75.6 75.6 82.0 85.2 89.2 89.2 101.2 101.2 108.4 108.4 115.6 117.2 119.6
78.0 82.0 90.0 96.0 104.0 104.0 109.0 114.0 129.0 129.0 138.0 138.0 147.0 149.0 152.0
86.0 89.2 95.6 100.4 106.8 110.0 114.0 114.0 126.0 130.0 137.2 137.2 144.4 144.4 146.8
96.0 96.0 104.0 104.0 112.0 116.0 121.0 121.0 136.0 136.0 145.0 149.0 158.0 160.0 163.0
107.0 111.0 119.0 125.0 133.0 137.0 142.0 147.0 162.0 167.0 176.0 180.0 189.0 191.0 194.0
117.0 121.0 129.0 135.0 143.0 147.0 152.0 157.0 172.0 177.0 186.0 190.0 199.0 201.0 204.0