12
56
2.0 20.0 2.0 14.0 2.0 14.0 2.0 7.0 2.0 5.0 2.0 8.0 2.0 4.0 2.0 4.0 2.0 4.0 2.0 6.0 2.0 10.0 2.0
2.0 20.0 2.0 14.0 2.0 14.0 2.0 7.0 2.0 5.0 2.0 8.0 2.0 4.0 2.0 4.0 2.0 4.0 2.0 6.0 2.0 10.0 2.0
2.0 20.0 2.0 14.0 2.0 14.0 2.0 7.0 2.0 5.0 2.0 8.0 2.0 4.0 0.0 4.0 0.0 4.0 0.0 6.0 0.0 10.0 2.0
2.0 20.0 2.0 14.0 2.0 14.0 2.0 7.0 2.0 5.0 2.0 8.0 2.0 4.0 2.0 4.0 2.0 4.0 2.0 6.0 2.0 10.0 2.0
2.0 20.0 2.0 14.0 2.0 14.0 2.0 7.0 2.0 5.0 2.0 8.0 2.0 4.0 2.0 4.0 2.0 4.0 2.0 6.0 2.0 10.0 2.0
2.0 20.0 2.0 14.0 2.0 14.0 2.0 7.0 2.0 5.0 2.0 8.0 2.0 4.0 2.0 4.0 2.0 4.0 2.0 6.0 2.0 10.0 2.0
0.0 0.0 0.0 0.0 0.0 0.0 0.0 0.0 0.0 0.0 0.0 0.0 0.0 4.0 2.0 4.0 2.0 4.0 2.0 6.0 2.0 10.0 2.0
0.0 0.0 0.0 0.0 0.0 0.0 0.0 0.0 0.0 0.0 0.0 0.0 0.0 4.0 2.0 4.0 2.0 4.0 2.0 6.0 2.0 10.0 2.0
1.6 16.0 0.0 11.2 0.0 11.2 0.0 5.6 0.0 4.0 0.0 6.4 0.0 3.2 0.0 3.2 0.0 3.2 0.0 4.8 0.0 8.0 1.6
1.6 16.0 0.0 11.2 0.0 11.2 0.0 5.6 0.0 4.0 0.0 6.4 0.0 3.2 0.0 3.2 0.0 3.2 0.0 4.8 0.0 8.0 1.6
1.6 16.0 0.0 11.2 0.0 11.2 0.0 5.6 0.0 4.0 0.0 6.4 0.0 3.2 0.0 3.2 0.0 3.2 0.0 4.8 0.0 8.0 1.6
1.6 16.0 0.0 11.2 0.0 11.2 0.0 5.6 0.0 4.0 0.0 6.4 0.0 3.2 0.0 3.2 0.0 3.2 0.0 4.8 0.0 8.0 1.6
1.4 14.3 0.0 10.0 0.0 10.0 0.0 5.0 0.0 3.6 0.0 5.7 0.0 2.9 0.0 2.9 0.0 2.9 0.0 4.3 0.0 7.1 1.4
1.4 14.3 0.0 10.0 0.0 10.0 0.0 5.0 0.0 3.6 0.0 5.7 0.0 2.9 0.0 2.9 0.0 2.9 0.0 4.3 0.0 7.1 1.4
1.4 14.3 0.0 10.0 0.0 10.0 0.0 5.0 0.0 3.6 0.0 5.7 0.0 2.9 0.0 2.9 0.0 2.9 0.0 4.3 0.0 7.1 1.4
1.4 14.3 0.0 10.0 0.0 10.0 0.0 5.0 0.0 3.6 0.0 5.7 0.0 2.9 0.0 2.9 0.0 2.9 0.0 4.3 0.0 7.1 1.4
0.0 0.0 0.0 0.0 0.0 0.0 0.0 0.0 0.0 0.0 0.0 0.0 0.0 0.0 0.0 0.0 0.0 0.0 2.2 6.7 2.2 11.1 2.2
0.0 0.0 0.0 0.0 0.0 0.0 0.0 0.0 0.0 0.0 0.0 0.0 0.0 0.0 0.0 0.0 0.0 0.0 2.2 6.7 2.2 11.1 2.2
0.0 0.0 0.0 0.0 0.0 0.0 0.0 0.0 0.0 0.0 0.0 0.0 0.0 0.0 0.0 0.0 0.0 0.0 2.2 6.7 2.2 11.1 2.2
0.0 0.0 0.0 0.0 0.0 0.0 0.0 0.0 0.0 0.0 0.0 0.0 0.0 0.0 0.0 0.0 0.0 0.0 2.2 6.7 2.2 11.1 2.2
0.0 0.0 0.0 0.0 0.0 0.0 0.0 0.0 0.0 0.0 0.0 0.0 0.0 0.0 0.0 0.0 0.0 0.0 2.2 6.7 2.2 11.1 2.2
0.0 0.0 0.0 0.0 0.0 0.0 0.0 0.0 0.0 0.0 0.0 0.0 0.0 0.0 0.0 0.0 0.0 0.0 2.2 6.7 2.2 11.1 2.2
0.0 0.0 0.0 0.0 0.0 0.0 0.0 0.0 0.0 0.0 0.0 0.0 0.0 0.0 0.0 0.0 0.0 0.0 2.2 6.7 2.2 11.1 2.2
0.0 0.0 0.0 0.0 0.0 0.0 0.0 0.0 0.0 0.0 0.0 0.0 0.0 0.0 0.0 0.0 0.0 0.0 2.2 6.7 2.2 11.1 2.2
0.0 0.0 0.0 0.0 0.0 0.0 0.0 0.0 0.0 0.0 0.0 0.0 0.0 0.0 0.0 0.0 0.0 0.0 2.2 6.7 2.2 11.1 2.2
0.0 0.0 0.0 0.0 0.0 0.0 0.0 0.0 0.0 0.0 0.0 0.0 0.0 0.0 0.0 0.0 0.0 0.0 2.2 6.7 2.2 11.1 2.2
0.0 0.0 0.0 0.0 0.0 0.0 0.0 0.0 0.0 0.0 0.0 0.0 0.0 0.0 0.0 0.0 0.0 0.0 2.2 6.7 2.2 11.1 2.2
0.0 0.0 0.0 0.0 0.0 0.0 0.0 0.0 0.0 0.0 0.0 0.0 0.0 0.0 0.0 0.0 0.0 0.0 2.2 6.7 2.2 11.1 2.2
0.0 0.0 0.0 0.0 0.0 0.0 0.0 0.0 0.0 0.0 0.0 0.0 0.0 0.0 0.0 0.0 0.0 0.0 2.2 6.7 2.2 11.1 2.2
0.0 0.0 0.0 0.0 0.0 0.0 0.0 0.0 0.0 0.0 0.0 0.0 0.0 0.0 0.0 0.0 0.0 0.0 2.2 6.7 2.2 11.1 2.2
0.0 0.0 0.0 0.0 0.0 0.0 0.0 0.0 0.0 0.0 0.0 0.0 0.0 0.0 0.0 0.0 0.0 0.0 2.2 6.7 2.2 11.1 2.2
0.0 0.0 0.0 0.0 0.0 0.0 0.0 0.0 0.0 0.0 0.0 0.0 0.0 0.0 0.0 0.0 0.0 0.0 2.2 6.7 2.2 11.1 2.2
0.0 0.0 0.0 0.0 0.0 0.0 0.0 0.0 0.0 0.0 0.0 0.0 0.0 0.0 0.0 0.0 0.0 0.0 2.2 6.7 2.2 11.1 2.2
0.0 0.0 0.0 0.0 0.0 0.0 0.0 0.0 0.0 0.0 0.0 0.0 0.0 0.0 0.0 0.0 0.0 0.0 2.2 6.7 2.2 11.1 2.2
0.0 0.0 0.0 0.0 0.0 0.0 0.0 0.0 0.0 0.0 0.0 0.0 0.0 0.0 0.0 0.0 0.0 0.0 2.2 6.7 2.2 11.1 2.2
0.0 0.0 0.0 0.0 0.0 0.0 0.0 0.0 0.0 0.0 0.0 0.0 0.0 0.0 0.0 0.0 0.0 0.0 2.2 6.7 2.2 11.1 2.2
0.0 0.0 0.0 0.0 0.0 0.0 0.0 0.0 0.0 0.0 0.0 0.0 0.0 0.0 0.0 0.0 0.0 0.0 2.2 6.7 2.2 11.1 2.2
0.0 0.0 0.0 0.0 0.0 0.0 0.0 0.0 0.0 0.0 0.0 0.0 0.0 0.0 0.0 0.0 0.0 0.0 2.2 6.7 2.2 11.1 2.2
0.0 0.0 0.0 0.0 0.0 0.0 0.0 0.0 0.0 0.0 0.0 0.0 0.0 0.0 0.0 0.0 0.0 0.0 2.2 6.7 2.2 11.1 2.2
0.0 0.0 0.0 0.0 0.0 0.0 0.0 0.0 0.0 0.0 0.0 0.0 0.0 0.0 0.0 0.0 0.0 0.0 2.2 6.7 2.2 11.1 2.2
0.0 0.0 0.0 0.0 0.0 0.0 0.0 0.0 0.0 0.0 0.0 0.0 0.0 0.0 0.0 0.0 0.0 0.0 2.2 6.7 2.2 11.1 2.2
0.0 0.0 0.0 0.0 0.0 0.0 0.0 0.0 0.0 0.0 0.0 0.0 0.0 0.0 0.0 0.0 0.0 0.0 2.2 6.7 2.2 11.1 2.2
0.0 0.0 0.0 0.0 0.0 0.0 0.0 0.0 0.0 0.0 0.0 0.0 0.0 0.0 0.0 0.0 0.0 0.0 2.2 6.7 2.2 11.1 2.2
0.0 0.0 0.0 0.0 0.0 0.0 0.0 0.0 0.0 0.0 0.0 0.0 0.0 0.0 0.0 0.0 0.0 0.0 2.2 6.7 2.2 11.1 2.2
0.0 0.0 0.0 0.0 0.0 0.0 0.0 0.0 0.0 0.0 0.0 0.0 0.0 0.0 0.0 0.0 0.0 0.0 2.2 6.7 2.2 11.1 2.2
0.0 0.0 0.0 0.0 0.0 0.0 0.0 0.0 0.0 0.0 0.0 0.0 0.0 0.0 0.0 0.0 0.0 0.0 2.2 6.7 2.2 11.1 2.2
0.0 0.0 0.0 0.0 0.0 0.0 0.0 0.0 0.0 0.0 0.0 0.0 0.0 0.0 0.0 0.0 0.0 0.0 2.2 6.7 2.2 11.1 2.2
0.0 0.0 0.0 0.0 0.0 0.0 0.0 0.0 0.0 0.0 0.0 0.0 0.0 0.0 0.0 0.0 0.0 0.0 2.2 6.7 2.2 11.1 2.2
0.0 0.0 0.0 0.0 0.0 0.0 0.0 0.0 0.0 0.0 0.0 0.0 0.0 0.0 0.0 0.0 0.0 0.0 2.2 6.7 2.2 11.1 2.2
0.0 0.0 0.0 0.0 0.0 0.0 0.0 0.0 0.0 0.0 0.0 0.0 0.0 0.0 0.0 0.0 0.0 0.0 2.2 6.7 2.2 11.1 2.2
0.0 0.0 0.0 0.0 0.0 0.0 0.0 0.0 0.0 0.0 0.0 0.0 0.0 0.0 0.0 0.0 0.0 0.0 2.2 6.7 2.2 11.1 2.2
0.0 0.0 0.0 0.0 0.0 0.0 0.0 0.0 0.0 0.0 0.0 0.0 0.0 0.0 0.0 0.0 0.0 0.0 2.2 6.7 2.2 11.1 2.2
0.0 0.0 0.0 0.0 0.0 0.0 0.0 0.0 0.0 0.0 0.0 0.0 0.0 0.0 0.0 0.0 0.0 0.0 2.2 6.7 2.2 11.1 2.2
0.0 0.0 0.0 0.0 0.0 0.0 0.0 0.0 0.0 0.0 0.0 0.0 0.0 0.0 0.0 0.0 0.0 0.0 2.2 6.7 2.2 11.1 2.2
0.0 0.0 0.0 0.0 0.0 0.0 0.0 0.0 0.0 0.0 0.0 0.0 0.0 0.0 0.0 0.0 0.0 0.0 2.2 6.7 2.2 11.1 2.2
0.0 0.0 0.0 0.0 0.0 0.0 0.0 0.0 0.0 0.0 0.0 0.0 0.0 0.0 0.0 0.0 0.0 0.0 2.2 6.7 2.2 11.1 2.2
20.0 22.0 42.0 44.0 58.0 60.0 74.0 76.0 83.0 85.0 90.0 92.0 100.0 102.0 106.0 108.0 112.0 114.0 118.0 120.0 126.0 128.0 138.0
45.0 47.0 67.0 69.0 83.0 85.0 99.0 101.0 108.0 110.0 115.0 117.0 125.0 127.0 131.0 133.0 137.0 139.0 143.0 145.0 151.0 153.0 163.0
70.0 72.0 92.0 94.0 108.0 110.0 124.0 126.0 133.0 135.0 140.0 142.0 150.0 152.0 156.0 156.0 160.0 160.0 164.0 164.0 170.0 170.0 180.0
110.0 112.0 132.0 134.0 148.0 150.0 164.0 166.0 173.0 175.0 180.0 182.0 190.0 192.0 196.0 198.0 202.0 204.0 208.0 210.0 216.0 218.0 228.0
135.0 137.0 157.0 159.0 173.0 175.0 189.0 191.0 198.0 200.0 205.0 207.0 215.0 217.0 221.0 223.0 227.0 229.0 233.0 235.0 241.0 243.0 253.0
177.0 179.0 199.0 201.0 215.0 217.0 231.0 233.0 240.0 242.0 247.0 249.0 257.0 259.0 263.0 265.0 269.0 271.0 275.0 277.0 283.0 285.0 295.0
175.0 175.0 175.0 175.0 175.0 175.0 175.0 175.0 175.0 175.0 175.0 175.0 175.0 175.0 179.0 181.0 185.0 187.0 191.0 193.0 199.0 201.0 211.0
207.0 207.0 207.0 207.0 207.0 207.0 207.0 207.0 207.0 207.0 207.0 207.0 207.0 207.0 211.0 213.0 217.0 219.0 223.0 225.0 231.0 233.0 243.0
60.0 61.6 77.6 77.6 88.8 88.8 100.0 100.0 105.6 105.6 109.6 109.6 116.0 116.0 119.2 119.2 122.4 122.4 125.6 125.6 130.4 130.4 138.4
120.0 121.6 137.6 137.6 148.8 148.8 160.0 160.0 165.6 165.6 169.6 169.6 176.0 176.0 179.2 179.2 182.4 182.4 185.6 185.6 190.4 190.4 198.4
180.0 181.6 197.6 197.6 208.8 208.8 220.0 220.0 225.6 225.6 229.6 229.6 236.0 236.0 239.2 239.2 242.4 242.4 245.6 245.6 250.4 250.4 258.4
270.0 271.6 287.6 287.6 298.8 298.8 310.0 310.0 315.6 315.6 319.6 319.6 326.0 326.0 329.2 329.2 332.4 332.4 335.6 335.6 340.4 340.4 348.4
30.0 31.4 45.7 45.7 55.7 55.7 65.7 65.7 70.7 70.7 74.3 74.3 80.0 80.0 82.9 82.9 85.7 85.7 88.6 88.6 92.9 92.9 100.0
90.0 91.4 105.7 105.7 115.7 115.7 125.7 125.7 130.7 130.7 134.3 134.3 140.0 140.0 142.9 142.9 145.7 145.7 148.6 148.6 152.9 152.9 160.0
150.0 151.4 165.7 165.7 175.7 175.7 185.7 185.7 190.7 190.7 194.3 194.3 200.0 200.0 202.9 202.9 205.7 205.7 208.6 208.6 212.9 212.9 220.0
210.0 211.4 225.7 225.7 235.7 235.7 245.7 245.7 250.7 250.7 254.3 254.3 260.0 260.0 262.9 262.9 265.7 265.7 268.6 268.6 272.9 272.9 280.0
60.0 60.0 60.0 60.0 60.0 60.0 60.0 60.0 60.0 60.0 60.0 60.0 60.0 60.0 60.0 60.0 60.0 60.0 60.0 62.2 68.9 71.1 82.2
66.0 66.0 66.0 66.0 66.0 66.0 66.0 66.0 66.0 66.0 66.0 66.0 66.0 66.0 66.0 66.0 66.0 66.0 66.0 68.2 74.9 77.1 88.2
72.0 72.0 72.0 72.0 72.0 72.0 72.0 72.0 72.0 72.0 72.0 72.0 72.0 72.0 72.0 72.0 72.0 72.0 72.0 74.2 80.9 83.1 94.2
78.0 78.0 78.0 78.0 78.0 78.0 78.0 78.0 78.0 78.0 78.0 78.0 78.0 78.0 78.0 78.0 78.0 78.0 78.0 80.2 86.9 89.1 100.2
84.0 84.0 84.0 84.0 84.0 84.0 84.0 84.0 84.0 84.0 84.0 84.0 84.0 84.0 84.0 84.0 84.0 84.0 84.0 86.2 92.9 95.1 106.2
90.0 90.0 90.0 90.0 90.0 90.0 90.0 90.0 90.0 90.0 90.0 90.0 90.0 90.0 90.0 90.0 90.0 90.0 90.0 92.2 98.9 101.1 112.2
96.0 96.0 96.0 96.0 96.0 96.0 96.0 96.0 96.0 96.0 96.0 96.0 96.0 96.0 96.0 96.0 96.0 96.0 96.0 98.2 104.9 107.1 118.2
102.0 102.0 102.0 102.0 102.0 102.0 102.0 102.0 102.0 102.0 102.0 102.0 102.0 102.0 102.0 102.0 102.0 102.0 102.0 104.2 110.9 113.1 124.2
108.0 108.0 108.0 108.0 108.0 108.0 108.0 108.0 108.0 108.0 108.0 108.0 108.0 108.0 108.0 108.0 108.0 108.0 108.0 110.2 116.9 119.1 130.2
114.0 114.0 114.0 114.0 114.0 114.0 114.0 114.0 114.0 114.0 114.0 114.0 114.0 114.0 114.0 114.0 114.0 114.0 114.0 116.2 122.9 125.1 136.2
120.0 120.0 120.0 120.0 120.0 120.0 120.0 120.0 120.0 120.0 120.0 120.0 120.0 120.0 120.0 120.0 120.0 120.0 120.0 122.2 128.9 131.1 142.2
126.0 126.0 126.0 126.0 126.0 126.0 126.0 126.0 126.0 126.0 126.0 126.0 126.0 126.0 126.0 126.0 126.0 126.0 126.0 128.2 134.9 137.1 148.2
132.0 132.0 132.0 132.0 132.0 132.0 132.0 132.0 132.0 132.0 132.0 132.0 132.0 132.0 132.0 132.0 132.0 132.0 132.0 134.2 140.9 143.1 154.2
138.0 138.0 138.0 138.0 138.0 138.0 138.0 138.0 138.0 138.0 138.0 138.0 138.0 138.0 138.0 138.0 138.0 138.0 138.0 140.2 146.9 149.1 160.2
144.0 144.0 144.0 144.0 144.0 144.0 144.0 144.0 144.0 144.0 144.0 144.0 144.0 144.0 144.0 144.0 144.0 144.0 144.0 146.2 152.9 155.1 166.2
150.0 150.0 150.0 150.0 150.0 150.0 150.0 150.0 150.0 150.0 150.0 150.0 150.0 150.0 150.0 150.0 150.0 150.0 150.0 152.2 158.9 161.1 172.2
156.0 156.0 156.0 156.0 156.0 156.0 156.0 156.0 156.0 156.0 156.0 156.0 156.0 156.0 156.0 156.0 156.0 156.0 156.0 158.2 164.9 167.1 178.2
162.0 162.0 162.0 162.0 162.0 162.0 162.0 162.0 162.0 162.0 162.0 162.0 162.0 162.0 162.0 162.0 162.0 162.0 162.0 164.2 170.9 173.1 184.2
168.0 168.0 168.0 168.0 168.0 168.0 168.0 168.0 168.0 168.0 168.0 168.0 168.0 168.0 168.0 168.0 168.0 168.0 168.0 170.2 176.9 179.1 190.2
174.0 174.0 174.0 174.0 174.0 174.0 174.0 174.0 174.0 174.0 174.0 174.0 174.0 174.0 174.0 174.0 174.0 174.0 174.0 176.2 182.9 185.1 196.2
180.0 180.0 180.0 180.0 180.0 180.0 180.0 180.0 180.0 180.0 180.0 180.0 180.0 180.0 180.0 180.0 180.0 180.0 180.0 182.2 188.9 191.1 202.2
186.0 186.0 186.0 186.0 186.0 186.0 186.0 186.0 186.0 186.0 186.0 186.0 186.0 186.0 186.0 186.0 186.0 186.0 186.0 188.2 194.9 197.1 208.2
192.0 192.0 192.0 192.0 192.0 192.0 192.0 192.0 192.0 192.0 192.0 192.0 192.0 192.0 192.0 192.0 192.0 192.0 192.0 194.2 200.9 203.1 214.2
198.0 198.0 198.0 198.0 198.0 198.0 198.0 198.0 198.0 198.0 198.0 198.0 198.0 198.0 198.0 198.0 198.0 198.0 198.0 200.2 206.9 209.1 220.2
204.0 204.0 204.0 204.0 204.0 204.0 204.0 204.0 204.0 204.0 204.0 204.0 204.0 204.0 204.0 204.0 204.0 204.0 204.0 206.2 212.9 215.1 226.2
210.0 210.0 210.0 210.0 210.0 210.0 210.0 210.0 210.0 210.0 210.0 210.0 210.0 210.0 210.0 210.0 210.0 210.0 210.0 212.2 218.9 221.1 232.2
216.0 216.0 216.0 216.0 216.0 216.0 216.0 216.0 216.0 216.0 216.0 216.0 216.0 216.0 216.0 216.0 216.0 216.0 216.0 218.2 224.9 227.1 238.2
222.0 222.0 222.0 222.0 222.0 222.0 222.0 222.0 222.0 222.0 222.0 222.0 222.0 222.0 222.0 222.0 222.0 222.0 222.0 224.2 230.9 233.1 244.2
228.0 228.0 228.0 228.0 228.0 228.0 228.0 228.0 228.0 228.0 228.0 228.0 228.0 228.0 228.0 228.0 228.0 228.0 228.0 230.2 236.9 239.1 250.2
234.0 234.0 234.0 234.0 234.0 234.0 234.0 234.0 234.0 234.0 234.0 234.0 234.0 234.0 234.0 234.0 234.0 234.0 234.0 236.2 242.9 245.1 256.2
240.0 240.0 240.0 240.0 240.0 240.0 240.0 240.0 240.0 240.0 240.0 240.0 240.0 240.0 240.0 240.0 240.0 240.0 240.0 242.2 248.9 251.1 262.2
246.0 246.0 246.0 246.0 246.0 246.0 246.0 246.0 246.0 246.0 246.0 246.0 246.0 246.0 246.0 246.0 246.0 246.0 246.0 248.2 254.9 257.1 268.2
252.0 252.0 252.0 252.0 252.0 252.0 252.0 252.0 252.0 252.0 252.0 252.0 252.0 252.0 252.0 252.0 252.0 252.0 252.0 254.2 260.9 263.1 274.2
258.0 258.0 258.0 258.0 258.0 258.0 258.0 258.0 258.0 258.0 258.0 258.0 258.0 258.0 258.0 258.0 258.0 258.0 258.0 260.2 266.9 269.1 280.2
264.0 264.0 264.0 264.0 264.0 264.0 264.0 264.0 264.0 264.0 264.0 264.0 264.0 264.0 264.0 264.0 264.0 264.0 264.0 266.2 272.9 275.1 286.2
270.0 270.0 270.0 270.0 270.0 270.0 270.0 270.0 270.0 270.0 270.0 270.0 270.0 270.0 270.0 270.0 270.0 270.0 270.0 272.2 278.9 281.1 292.2
276.0 276.0 276.0 276.0 276.0 276.0 276.0 276.0 276.0 276.0 276.0 276.0 276.0 276.0 276.0 276.0 276.0 276.0 276.0 278.2 284.9 287.1 298.2
282.0 282.0 282.0 282.0 282.0 282.0 282.0 282.0 282.0 282.0 282.0 282.0 282.0 282.0 282.0 282.0 282.0 282.0 282.0 284.2 290.9 293.1 304.2
288.0 288.0 288.0 288.0 288.0 288.0 288.0 288.0 288.0 288.0 288.0 288.0 288.0 288.0 288.0 288.0 288.0 288.0 288.0 290.2 296.9 299.1 310.2
294.0 294.0 294.0 294.0 294.0 294.0 294.0 294.0 294.0 294.0 294.0 294.0 294.0 294.0 294.0 294.0 294.0 294.0 294.0 296.2 302.9 305.1 316.2