12
76
2.0 20.0 2.0 14.0 2.0 14.0 2.0 7.0 2.0 5.0 2.0 8.0 2.0 4.0 2.0 4.0 2.0 4.0 2.0 6.0 2.0 10.0 2.0
2.0 20.0 2.0 14.0 2.0 14.0 2.0 7.0 2.0 5.0 2.0 8.0 2.0 4.0 2.0 4.0 2.0 4.0 2.0 6.0 2.0 10.0 2.0
2.0 20.0 2.0 14.0 2.0 14.0 2.0 7.0 2.0 5.0 2.0 8.0 2.0 4.0 0.0 4.0 0.0 4.0 0.0 6.0 0.0 10.0 2.0
2.0 20.0 2.0 14.0 2.0 14.0 2.0 7.0 2.0 5.0 2.0 8.0 2.0 4.0 2.0 4.0 2.0 4.0 2.0 6.0 2.0 10.0 2.0
2.0 20.0 2.0 14.0 2.0 14.0 2.0 7.0 2.0 5.0 2.0 8.0 2.0 4.0 2.0 4.0 2.0 4.0 2.0 6.0 2.0 10.0 2.0
2.0 20.0 2.0 14.0 2.0 14.0 2.0 7.0 2.0 5.0 2.0 8.0 2.0 4.0 2.0 4.0 2.0 4.0 2.0 6.0 2.0 10.0 2.0
0.0 0.0 0.0 0.0 0.0 0.0 0.0 0.0 0.0 0.0 0.0 0.0 0.0 4.0 2.0 4.0 2.0 4.0 2.0 6.0 2.0 10.0 2.0
0.0 0.0 0.0 0.0 0.0 0.0 0.0 0.0 0.0 0.0 0.0 0.0 0.0 4.0 2.0 4.0 2.0 4.0 2.0 6.0 2.0 10.0 2.0
1.6 16.0 0.0 11.2 0.0 11.2 0.0 5.6 0.0 4.0 0.0 6.4 0.0 3.2 0.0 3.2 0.0 3.2 0.0 4.8 0.0 8.0 1.6
1.6 16.0 0.0 11.2 0.0 11.2 0.0 5.6 0.0 4.0 0.0 6.4 0.0 3.2 0.0 3.2 0.0 3.2 0.0 4.8 0.0 8.0 1.6
1.6 16.0 0.0 11.2 0.0 11.2 0.0 5.6 0.0 4.0 0.0 6.4 0.0 3.2 0.0 3.2 0.0 3.2 0.0 4.8 0.0 8.0 1.6
1.6 16.0 0.0 11.2 0.0 11.2 0.0 5.6 0.0 4.0 0.0 6.4 0.0 3.2 0.0 3.2 0.0 3.2 0.0 4.8 0.0 8.0 1.6
1.4 14.3 0.0 10.0 0.0 10.0 0.0 5.0 0.0 3.6 0.0 5.7 0.0 2.9 0.0 2.9 0.0 2.9 0.0 4.3 0.0 7.1 1.4
1.4 14.3 0.0 10.0 0.0 10.0 0.0 5.0 0.0 3.6 0.0 5.7 0.0 2.9 0.0 2.9 0.0 2.9 0.0 4.3 0.0 7.1 1.4
1.4 14.3 0.0 10.0 0.0 10.0 0.0 5.0 0.0 3.6 0.0 5.7 0.0 2.9 0.0 2.9 0.0 2.9 0.0 4.3 0.0 7.1 1.4
1.4 14.3 0.0 10.0 0.0 10.0 0.0 5.0 0.0 3.6 0.0 5.7 0.0 2.9 0.0 2.9 0.0 2.9 0.0 4.3 0.0 7.1 1.4
0.0 0.0 0.0 0.0 0.0 0.0 0.0 0.0 0.0 0.0 0.0 0.0 0.0 0.0 0.0 0.0 0.0 0.0 1.8 5.5 1.8 9.1 1.8
0.0 0.0 0.0 0.0 0.0 0.0 0.0 0.0 0.0 0.0 0.0 0.0 0.0 0.0 0.0 0.0 0.0 0.0 1.8 5.5 1.8 9.1 1.8
0.0 0.0 0.0 0.0 0.0 0.0 0.0 0.0 0.0 0.0 0.0 0.0 0.0 0.0 0.0 0.0 0.0 0.0 1.8 5.5 1.8 9.1 1.8
0.0 0.0 0.0 0.0 0.0 0.0 0.0 0.0 0.0 0.0 0.0 0.0 0.0 0.0 0.0 0.0 0.0 0.0 1.8 5.5 1.8 9.1 1.8
0.0 0.0 0.0 0.0 0.0 0.0 0.0 0.0 0.0 0.0 0.0 0.0 0.0 0.0 0.0 0.0 0.0 0.0 1.8 5.5 1.8 9.1 1.8
0.0 0.0 0.0 0.0 0.0 0.0 0.0 0.0 0.0 0.0 0.0 0.0 0.0 0.0 0.0 0.0 0.0 0.0 1.8 5.5 1.8 9.1 1.8
0.0 0.0 0.0 0.0 0.0 0.0 0.0 0.0 0.0 0.0 0.0 0.0 0.0 0.0 0.0 0.0 0.0 0.0 1.8 5.5 1.8 9.1 1.8
0.0 0.0 0.0 0.0 0.0 0.0 0.0 0.0 0.0 0.0 0.0 0.0 0.0 0.0 0.0 0.0 0.0 0.0 1.8 5.5 1.8 9.1 1.8
0.0 0.0 0.0 0.0 0.0 0.0 0.0 0.0 0.0 0.0 0.0 0.0 0.0 0.0 0.0 0.0 0.0 0.0 1.8 5.5 1.8 9.1 1.8
0.0 0.0 0.0 0.0 0.0 0.0 0.0 0.0 0.0 0.0 0.0 0.0 0.0 0.0 0.0 0.0 0.0 0.0 1.8 5.5 1.8 9.1 1.8
0.0 0.0 0.0 0.0 0.0 0.0 0.0 0.0 0.0 0.0 0.0 0.0 0.0 0.0 0.0 0.0 0.0 0.0 1.8 5.5 1.8 9.1 1.8
0.0 0.0 0.0 0.0 0.0 0.0 0.0 0.0 0.0 0.0 0.0 0.0 0.0 0.0 0.0 0.0 0.0 0.0 1.8 5.5 1.8 9.1 1.8
0.0 0.0 0.0 0.0 0.0 0.0 0.0 0.0 0.0 0.0 0.0 0.0 0.0 0.0 0.0 0.0 0.0 0.0 1.8 5.5 1.8 9.1 1.8
0.0 0.0 0.0 0.0 0.0 0.0 0.0 0.0 0.0 0.0 0.0 0.0 0.0 0.0 0.0 0.0 0.0 0.0 1.8 5.5 1.8 9.1 1.8
0.0 0.0 0.0 0.0 0.0 0.0 0.0 0.0 0.0 0.0 0.0 0.0 0.0 0.0 0.0 0.0 0.0 0.0 1.8 5.5 1.8 9.1 1.8
0.0 0.0 0.0 0.0 0.0 0.0 0.0 0.0 0.0 0.0 0.0 0.0 0.0 0.0 0.0 0.0 0.0 0.0 1.8 5.5 1.8 9.1 1.8
0.0 0.0 0.0 0.0 0.0 0.0 0.0 0.0 0.0 0.0 0.0 0.0 0.0 0.0 0.0 0.0 0.0 0.0 1.8 5.5 1.8 9.1 1.8
0.0 0.0 0.0 0.0 0.0 0.0 0.0 0.0 0.0 0.0 0.0 0.0 0.0 0.0 0.0 0.0 0.0 0.0 1.8 5.5 1.8 9.1 1.8
0.0 0.0 0.0 0.0 0.0 0.0 0.0 0.0 0.0 0.0 0.0 0.0 0.0 0.0 0.0 0.0 0.0 0.0 1.8 5.5 1.8 9.1 1.8
0.0 0.0 0.0 0.0 0.0 0.0 0.0 0.0 0.0 0.0 0.0 0.0 0.0 0.0 0.0 0.0 0.0 0.0 1.8 5.5 1.8 9.1 1.8
0.0 0.0 0.0 0.0 0.0 0.0 0.0 0.0 0.0 0.0 0.0 0.0 0.0 0.0 0.0 0.0 0.0 0.0 2.2 6.7 2.2 11.1 2.2
0.0 0.0 0.0 0.0 0.0 0.0 0.0 0.0 0.0 0.0 0.0 0.0 0.0 0.0 0.0 0.0 0.0 0.0 2.2 6.7 2.2 11.1 2.2
0.0 0.0 0.0 0.0 0.0 0.0 0.0 0.0 0.0 0.0 0.0 0.0 0.0 0.0 0.0 0.0 0.0 0.0 2.2 6.7 2.2 11.1 2.2
0.0 0.0 0.0 0.0 0.0 0.0 0.0 0.0 0.0 0.0 0.0 0.0 0.0 0.0 0.0 0.0 0.0 0.0 2.2 6.7 2.2 11.1 2.2
0.0 0.0 0.0 0.0 0.0 0.0 0.0 0.0 0.0 0.0 0.0 0.0 0.0 0.0 0.0 0.0 0.0 0.0 2.2 6.7 2.2 11.1 2.2
0.0 0.0 0.0 0.0 0.0 0.0 0.0 0.0 0.0 0.0 0.0 0.0 0.0 0.0 0.0 0.0 0.0 0.0 2.2 6.7 2.2 11.1 2.2
0.0 0.0 0.0 0.0 0.0 0.0 0.0 0.0 0.0 0.0 0.0 0.0 0.0 0.0 0.0 0.0 0.0 0.0 2.2 6.7 2.2 11.1 2.2
0.0 0.0 0.0 0.0 0.0 0.0 0.0 0.0 0.0 0.0 0.0 0.0 0.0 0.0 0.0 0.0 0.0 0.0 2.2 6.7 2.2 11.1 2.2
0.0 0.0 0.0 0.0 0.0 0.0 0.0 0.0 0.0 0.0 0.0 0.0 0.0 0.0 0.0 0.0 0.0 0.0 2.2 6.7 2.2 11.1 2.2
0.0 0.0 0.0 0.0 0.0 0.0 0.0 0.0 0.0 0.0 0.0 0.0 0.0 0.0 0.0 0.0 0.0 0.0 2.2 6.7 2.2 11.1 2.2
0.0 0.0 0.0 0.0 0.0 0.0 0.0 0.0 0.0 0.0 0.0 0.0 0.0 0.0 0.0 0.0 0.0 0.0 2.2 6.7 2.2 11.1 2.2
0.0 0.0 0.0 0.0 0.0 0.0 0.0 0.0 0.0 0.0 0.0 0.0 0.0 0.0 0.0 0.0 0.0 0.0 2.2 6.7 2.2 11.1 2.2
0.0 0.0 0.0 0.0 0.0 0.0 0.0 0.0 0.0 0.0 0.0 0.0 0.0 0.0 0.0 0.0 0.0 0.0 2.2 6.7 2.2 11.1 2.2
0.0 0.0 0.0 0.0 0.0 0.0 0.0 0.0 0.0 0.0 0.0 0.0 0.0 0.0 0.0 0.0 0.0 0.0 2.2 6.7 2.2 11.1 2.2
0.0 0.0 0.0 0.0 0.0 0.0 0.0 0.0 0.0 0.0 0.0 0.0 0.0 0.0 0.0 0.0 0.0 0.0 2.2 6.7 2.2 11.1 2.2
0.0 0.0 0.0 0.0 0.0 0.0 0.0 0.0 0.0 0.0 0.0 0.0 0.0 0.0 0.0 0.0 0.0 0.0 2.2 6.7 2.2 11.1 2.2
0.0 0.0 0.0 0.0 0.0 0.0 0.0 0.0 0.0 0.0 0.0 0.0 0.0 0.0 0.0 0.0 0.0 0.0 2.2 6.7 2.2 11.1 2.2
0.0 0.0 0.0 0.0 0.0 0.0 0.0 0.0 0.0 0.0 0.0 0.0 0.0 0.0 0.0 0.0 0.0 0.0 2.2 6.7 2.2 11.1 2.2
0.0 0.0 0.0 0.0 0.0 0.0 0.0 0.0 0.0 0.0 0.0 0.0 0.0 0.0 0.0 0.0 0.0 0.0 2.2 6.7 2.2 11.1 2.2
0.0 0.0 0.0 0.0 0.0 0.0 0.0 0.0 0.0 0.0 0.0 0.0 0.0 0.0 0.0 0.0 0.0 0.0 2.2 6.7 2.2 11.1 2.2
0.0 0.0 0.0 0.0 0.0 0.0 0.0 0.0 0.0 0.0 0.0 0.0 0.0 0.0 0.0 0.0 0.0 0.0 2.2 6.7 2.2 11.1 2.2
0.0 0.0 0.0 0.0 0.0 0.0 0.0 0.0 0.0 0.0 0.0 0.0 0.0 0.0 0.0 0.0 0.0 0.0 2.2 6.7 2.2 11.1 2.2
0.0 0.0 0.0 0.0 0.0 0.0 0.0 0.0 0.0 0.0 0.0 0.0 0.0 0.0 0.0 0.0 0.0 0.0 2.2 6.7 2.2 11.1 2.2
0.0 0.0 0.0 0.0 0.0 0.0 0.0 0.0 0.0 0.0 0.0 0.0 0.0 0.0 0.0 0.0 0.0 0.0 2.2 6.7 2.2 11.1 2.2
0.0 0.0 0.0 0.0 0.0 0.0 0.0 0.0 0.0 0.0 0.0 0.0 0.0 0.0 0.0 0.0 0.0 0.0 2.2 6.7 2.2 11.1 2.2
0.0 0.0 0.0 0.0 0.0 0.0 0.0 0.0 0.0 0.0 0.0 0.0 0.0 0.0 0.0 0.0 0.0 0.0 2.2 6.7 2.2 11.1 2.2
0.0 0.0 0.0 0.0 0.0 0.0 0.0 0.0 0.0 0.0 0.0 0.0 0.0 0.0 0.0 0.0 0.0 0.0 2.2 6.7 2.2 11.1 2.2
0.0 0.0 0.0 0.0 0.0 0.0 0.0 0.0 0.0 0.0 0.0 0.0 0.0 0.0 0.0 0.0 0.0 0.0 2.2 6.7 2.2 11.1 2.2
0.0 0.0 0.0 0.0 0.0 0.0 0.0 0.0 0.0 0.0 0.0 0.0 0.0 0.0 0.0 0.0 0.0 0.0 2.2 6.7 2.2 11.1 2.2
0.0 0.0 0.0 0.0 0.0 0.0 0.0 0.0 0.0 0.0 0.0 0.0 0.0 0.0 0.0 0.0 0.0 0.0 2.2 6.7 2.2 11.1 2.2
0.0 0.0 0.0 0.0 0.0 0.0 0.0 0.0 0.0 0.0 0.0 0.0 0.0 0.0 0.0 0.0 0.0 0.0 2.2 6.7 2.2 11.1 2.2
0.0 0.0 0.0 0.0 0.0 0.0 0.0 0.0 0.0 0.0 0.0 0.0 0.0 0.0 0.0 0.0 0.0 0.0 2.2 6.7 2.2 11.1 2.2
0.0 0.0 0.0 0.0 0.0 0.0 0.0 0.0 0.0 0.0 0.0 0.0 0.0 0.0 0.0 0.0 0.0 0.0 2.2 6.7 2.2 11.1 2.2
0.0 0.0 0.0 0.0 0.0 0.0 0.0 0.0 0.0 0.0 0.0 0.0 0.0 0.0 0.0 0.0 0.0 0.0 2.2 6.7 2.2 11.1 2.2
0.0 0.0 0.0 0.0 0.0 0.0 0.0 0.0 0.0 0.0 0.0 0.0 0.0 0.0 0.0 0.0 0.0 0.0 2.2 6.7 2.2 11.1 2.2
0.0 0.0 0.0 0.0 0.0 0.0 0.0 0.0 0.0 0.0 0.0 0.0 0.0 0.0 0.0 0.0 0.0 0.0 2.2 6.7 2.2 11.1 2.2
0.0 0.0 0.0 0.0 0.0 0.0 0.0 0.0 0.0 0.0 0.0 0.0 0.0 0.0 0.0 0.0 0.0 0.0 2.2 6.7 2.2 11.1 2.2
0.0 0.0 0.0 0.0 0.0 0.0 0.0 0.0 0.0 0.0 0.0 0.0 0.0 0.0 0.0 0.0 0.0 0.0 2.2 6.7 2.2 11.1 2.2
0.0 0.0 0.0 0.0 0.0 0.0 0.0 0.0 0.0 0.0 0.0 0.0 0.0 0.0 0.0 0.0 0.0 0.0 2.2 6.7 2.2 11.1 2.2
0.0 0.0 0.0 0.0 0.0 0.0 0.0 0.0 0.0 0.0 0.0 0.0 0.0 0.0 0.0 0.0 0.0 0.0 2.2 6.7 2.2 11.1 2.2
20.0 22.0 42.0 44.0 58.0 60.0 74.0 76.0 83.0 85.0 90.0 92.0 100.0 102.0 106.0 108.0 112.0 114.0 118.0 120.0 126.0 128.0 138.0
45.0 47.0 67.0 69.0 83.0 85.0 99.0 101.0 108.0 110.0 115.0 117.0 125.0 127.0 131.0 133.0 137.0 139.0 143.0 145.0 151.0 153.0 163.0
70.0 72.0 92.0 94.0 108.0 110.0 124.0 126.0 133.0 135.0 140.0 142.0 150.0 152.0 156.0 156.0 160.0 160.0 164.0 164.0 170.0 170.0 180.0
110.0 112.0 132.0 134.0 148.0 150.0 164.0 166.0 173.0 175.0 180.0 182.0 190.0 192.0 196.0 198.0 202.0 204.0 208.0 210.0 216.0 218.0 228.0
135.0 137.0 157.0 159.0 173.0 175.0 189.0 191.0 198.0 200.0 205.0 207.0 215.0 217.0 221.0 223.0 227.0 229.0 233.0 235.0 241.0 243.0 253.0
177.0 179.0 199.0 201.0 215.0 217.0 231.0 233.0 240.0 242.0 247.0 249.0 257.0 259.0 263.0 265.0 269.0 271.0 275.0 277.0 283.0 285.0 295.0
175.0 175.0 175.0 175.0 175.0 175.0 175.0 175.0 175.0 175.0 175.0 175.0 175.0 175.0 179.0 181.0 185.0 187.0 191.0 193.0 199.0 201.0 211.0
207.0 207.0 207.0 207.0 207.0 207.0 207.0 207.0 207.0 207.0 207.0 207.0 207.0 207.0 211.0 213.0 217.0 219.0 223.0 225.0 231.0 233.0 243.0
60.0 61.6 77.6 77.6 88.8 88.8 100.0 100.0 105.6 105.6 109.6 109.6 116.0 116.0 119.2 119.2 122.4 122.4 125.6 125.6 130.4 130.4 138.4
120.0 121.6 137.6 137.6 148.8 148.8 160.0 160.0 165.6 165.6 169.6 169.6 176.0 176.0 179.2 179.2 182.4 182.4 185.6 185.6 190.4 190.4 198.4
180.0 181.6 197.6 197.6 208.8 208.8 220.0 220.0 225.6 225.6 229.6 229.6 236.0 236.0 239.2 239.2 242.4 242.4 245.6 245.6 250.4 250.4 258.4
270.0 271.6 287.6 287.6 298.8 298.8 310.0 310.0 315.6 315.6 319.6 319.6 326.0 326.0 329.2 329.2 332.4 332.4 335.6 335.6 340.4 340.4 348.4
30.0 31.4 45.7 45.7 55.7 55.7 65.7 65.7 70.7 70.7 74.3 74.3 80.0 80.0 82.9 82.9 85.7 85.7 88.6 88.6 92.9 92.9 100.0
90.0 91.4 105.7 105.7 115.7 115.7 125.7 125.7 130.7 130.7 134.3 134.3 140.0 140.0 142.9 142.9 145.7 145.7 148.6 148.6 152.9 152.9 160.0
150.0 151.4 165.7 165.7 175.7 175.7 185.7 185.7 190.7 190.7 194.3 194.3 200.0 200.0 202.9 202.9 205.7 205.7 208.6 208.6 212.9 212.9 220.0
210.0 211.4 225.7 225.7 235.7 235.7 245.7 245.7 250.7 250.7 254.3 254.3 260.0 260.0 262.9 262.9 265.7 265.7 268.6 268.6 272.9 272.9 280.0
0.0 0.0 0.0 0.0 0.0 0.0 0.0 0.0 0.0 0.0 0.0 0.0 0.0 0.0 0.0 0.0 0.0 0.0 0.0 1.8 7.3 9.1 18.2
15.0 15.0 15.0 15.0 15.0 15.0 15.0 15.0 15.0 15.0 15.0 15.0 15.0 15.0 15.0 15.0 15.0 15.0 15.0 16.8 22.3 24.1 33.2
30.0 30.0 30.0 30.0 30.0 30.0 30.0 30.0 30.0 30.0 30.0 30.0 30.0 30.0 30.0 30.0 30.0 30.0 30.0 31.8 37.3 39.1 48.2
45.0 45.0 45.0 45.0 45.0 45.0 45.0 45.0 45.0 45.0 45.0 45.0 45.0 45.0 45.0 45.0 45.0 45.0 45.0 46.8 52.3 54.1 63.2
60.0 60.0 60.0 60.0 60.0 60.0 60.0 60.0 60.0 60.0 60.0 60.0 60.0 60.0 60.0 60.0 60.0 60.0 60.0 61.8 67.3 69.1 78.2
75.0 75.0 75.0 75.0 75.0 75.0 75.0 75.0 75.0 75.0 75.0 75.0 75.0 75.0 75.0 75.0 75.0 75.0 75.0 76.8 82.3 84.1 93.2
90.0 90.0 90.0 90.0 90.0 90.0 90.0 90.0 90.0 90.0 90.0 90.0 90.0 90.0 90.0 90.0 90.0 90.0 90.0 91.8 97.3 99.1 108.2
105.0 105.0 105.0 105.0 105.0 105.0 105.0 105.0 105.0 105.0 105.0 105.0 105.0 105.0 105.0 105.0 105.0 105.0 105.0 106.8 112.3 114.1 123.2
120.0 120.0 120.0 120.0 120.0 120.0 120.0 120.0 120.0 120.0 120.0 120.0 120.0 120.0 120.0 120.0 120.0 120.0 120.0 121.8 127.3 129.1 138.2
135.0 135.0 135.0 135.0 135.0 135.0 135.0 135.0 135.0 135.0 135.0 135.0 135.0 135.0 135.0 135.0 135.0 135.0 135.0 136.8 142.3 144.1 153.2
150.0 150.0 150.0 150.0 150.0 150.0 150.0 150.0 150.0 150.0 150.0 150.0 150.0 150.0 150.0 150.0 150.0 150.0 150.0 151.8 157.3 159.1 168.2
165.0 165.0 165.0 165.0 165.0 165.0 165.0 165.0 165.0 165.0 165.0 165.0 165.0 165.0 165.0 165.0 165.0 165.0 165.0 166.8 172.3 174.1 183.2
180.0 180.0 180.0 180.0 180.0 180.0 180.0 180.0 180.0 180.0 180.0 180.0 180.0 180.0 180.0 180.0 180.0 180.0 180.0 181.8 187.3 189.1 198.2
195.0 195.0 195.0 195.0 195.0 195.0 195.0 195.0 195.0 195.0 195.0 195.0 195.0 195.0 195.0 195.0 195.0 195.0 195.0 196.8 202.3 204.1 213.2
210.0 210.0 210.0 210.0 210.0 210.0 210.0 210.0 210.0 210.0 210.0 210.0 210.0 210.0 210.0 210.0 210.0 210.0 210.0 211.8 217.3 219.1 228.2
225.0 225.0 225.0 225.0 225.0 225.0 225.0 225.0 225.0 225.0 225.0 225.0 225.0 225.0 225.0 225.0 225.0 225.0 225.0 226.8 232.3 234.1 243.2
240.0 240.0 240.0 240.0 240.0 240.0 240.0 240.0 240.0 240.0 240.0 240.0 240.0 240.0 240.0 240.0 240.0 240.0 240.0 241.8 247.3 249.1 258.2
255.0 255.0 255.0 255.0 255.0 255.0 255.0 255.0 255.0 255.0 255.0 255.0 255.0 255.0 255.0 255.0 255.0 255.0 255.0 256.8 262.3 264.1 273.2
270.0 270.0 270.0 270.0 270.0 270.0 270.0 270.0 270.0 270.0 270.0 270.0 270.0 270.0 270.0 270.0 270.0 270.0 270.0 271.8 277.3 279.1 288.2
285.0 285.0 285.0 285.0 285.0 285.0 285.0 285.0 285.0 285.0 285.0 285.0 285.0 285.0 285.0 285.0 285.0 285.0 285.0 286.8 292.3 294.1 303.2
60.0 60.0 60.0 60.0 60.0 60.0 60.0 60.0 60.0 60.0 60.0 60.0 60.0 60.0 60.0 60.0 60.0 60.0 60.0 62.2 68.9 71.1 82.2
64.0 64.0 64.0 64.0 64.0 64.0 64.0 64.0 64.0 64.0 64.0 64.0 64.0 64.0 64.0 64.0 64.0 64.0 64.0 66.2 72.9 75.1 86.2
68.0 68.0 68.0 68.0 68.0 68.0 68.0 68.0 68.0 68.0 68.0 68.0 68.0 68.0 68.0 68.0 68.0 68.0 68.0 70.2 76.9 79.1 90.2
72.0 72.0 72.0 72.0 72.0 72.0 72.0 72.0 72.0 72.0 72.0 72.0 72.0 72.0 72.0 72.0 72.0 72.0 72.0 74.2 80.9 83.1 94.2
76.0 76.0 76.0 76.0 76.0 76.0 76.0 76.0 76.0 76.0 76.0 76.0 76.0 76.0 76.0 76.0 76.0 76.0 76.0 78.2 84.9 87.1 98.2
80.0 80.0 80.0 80.0 80.0 80.0 80.0 80.0 80.0 80.0 80.0 80.0 80.0 80.0 80.0 80.0 80.0 80.0 80.0 82.2 88.9 91.1 102.2
84.0 84.0 84.0 84.0 84.0 84.0 84.0 84.0 84.0 84.0 84.0 84.0 84.0 84.0 84.0 84.0 84.0 84.0 84.0 86.2 92.9 95.1 106.2
88.0 88.0 88.0 88.0 88.0 88.0 88.0 88.0 88.0 88.0 88.0 88.0 88.0 88.0 88.0 88.0 88.0 88.0 88.0 90.2 96.9 99.1 110.2
92.0 92.0 92.0 92.0 92.0 92.0 92.0 92.0 92.0 92.0 92.0 92.0 92.0 92.0 92.0 92.0 92.0 92.0 92.0 94.2 100.9 103.1 114.2
96.0 96.0 96.0 96.0 96.0 96.0 96.0 96.0 96.0 96.0 96.0 96.0 96.0 96.0 96.0 96.0 96.0 96.0 96.0 98.2 104.9 107.1 118.2
100.0 100.0 100.0 100.0 100.0 100.0 100.0 100.0 100.0 100.0 100.0 100.0 100.0 100.0 100.0 100.0 100.0 100.0 100.0 102.2 108.9 111.1 122.2
104.0 104.0 104.0 104.0 104.0 104.0 104.0 104.0 104.0 104.0 104.0 104.0 104.0 104.0 104.0 104.0 104.0 104.0 104.0 106.2 112.9 115.1 126.2
108.0 108.0 108.0 108.0 108.0 108.0 108.0 108.0 108.0 108.0 108.0 108.0 108.0 108.0 108.0 108.0 108.0 108.0 108.0 110.2 116.9 119.1 130.2
112.0 112.0 112.0 112.0 112.0 112.0 112.0 112.0 112.0 112.0 112.0 112.0 112.0 112.0 112.0 112.0 112.0 112.0 112.0 114.2 120.9 123.1 134.2
116.0 116.0 116.0 116.0 116.0 116.0 116.0 116.0 116.0 116.0 116.0 116.0 116.0 116.0 116.0 116.0 116.0 116.0 116.0 118.2 124.9 127.1 138.2
120.0 120.0 120.0 120.0 120.0 120.0 120.0 120.0 120.0 120.0 120.0 120.0 120.0 120.0 120.0 120.0 120.0 120.0 120.0 122.2 128.9 131.1 142.2
124.0 124.0 124.0 124.0 124.0 124.0 124.0 124.0 124.0 124.0 124.0 124.0 124.0 124.0 124.0 124.0 124.0 124.0 124.0 126.2 132.9 135.1 146.2
128.0 128.0 128.0 128.0 128.0 128.0 128.0 128.0 128.0 128.0 128.0 128.0 128.0 128.0 128.0 128.0 128.0 128.0 128.0 130.2 136.9 139.1 150.2
132.0 132.0 132.0 132.0 132.0 132.0 132.0 132.0 132.0 132.0 132.0 132.0 132.0 132.0 132.0 132.0 132.0 132.0 132.0 134.2 140.9 143.1 154.2
136.0 136.0 136.0 136.0 136.0 136.0 136.0 136.0 136.0 136.0 136.0 136.0 136.0 136.0 136.0 136.0 136.0 136.0 136.0 138.2 144.9 147.1 158.2
140.0 140.0 140.0 140.0 140.0 140.0 140.0 140.0 140.0 140.0 140.0 140.0 140.0 140.0 140.0 140.0 140.0 140.0 140.0 142.2 148.9 151.1 162.2
144.0 144.0 144.0 144.0 144.0 144.0 144.0 144.0 144.0 144.0 144.0 144.0 144.0 144.0 144.0 144.0 144.0 144.0 144.0 146.2 152.9 155.1 166.2
148.0 148.0 148.0 148.0 148.0 148.0 148.0 148.0 148.0 148.0 148.0 148.0 148.0 148.0 148.0 148.0 148.0 148.0 148.0 150.2 156.9 159.1 170.2
152.0 152.0 152.0 152.0 152.0 152.0 152.0 152.0 152.0 152.0 152.0 152.0 152.0 152.0 152.0 152.0 152.0 152.0 152.0 154.2 160.9 163.1 174.2
156.0 156.0 156.0 156.0 156.0 156.0 156.0 156.0 156.0 156.0 156.0 156.0 156.0 156.0 156.0 156.0 156.0 156.0 156.0 158.2 164.9 167.1 178.2
160.0 160.0 160.0 160.0 160.0 160.0 160.0 160.0 160.0 160.0 160.0 160.0 160.0 160.0 160.0 160.0 160.0 160.0 160.0 162.2 168.9 171.1 182.2
164.0 164.0 164.0 164.0 164.0 164.0 164.0 164.0 164.0 164.0 164.0 164.0 164.0 164.0 164.0 164.0 164.0 164.0 164.0 166.2 172.9 175.1 186.2
168.0 168.0 168.0 168.0 168.0 168.0 168.0 168.0 168.0 168.0 168.0 168.0 168.0 168.0 168.0 168.0 168.0 168.0 168.0 170.2 176.9 179.1 190.2
172.0 172.0 172.0 172.0 172.0 172.0 172.0 172.0 172.0 172.0 172.0 172.0 172.0 172.0 172.0 172.0 172.0 172.0 172.0 174.2 180.9 183.1 194.2
176.0 176.0 176.0 176.0 176.0 176.0 176.0 176.0 176.0 176.0 176.0 176.0 176.0 176.0 176.0 176.0 176.0 176.0 176.0 178.2 184.9 187.1 198.2
180.0 180.0 180.0 180.0 180.0 180.0 180.0 180.0 180.0 180.0 180.0 180.0 180.0 180.0 180.0 180.0 180.0 180.0 180.0 182.2 188.9 191.1 202.2
184.0 184.0 184.0 184.0 184.0 184.0 184.0 184.0 184.0 184.0 184.0 184.0 184.0 184.0 184.0 184.0 184.0 184.0 184.0 186.2 192.9 195.1 206.2
188.0 188.0 188.0 188.0 188.0 188.0 188.0 188.0 188.0 188.0 188.0 188.0 188.0 188.0 188.0 188.0 188.0 188.0 188.0 190.2 196.9 199.1 210.2
192.0 192.0 192.0 192.0 192.0 192.0 192.0 192.0 192.0 192.0 192.0 192.0 192.0 192.0 192.0 192.0 192.0 192.0 192.0 194.2 200.9 203.1 214.2
196.0 196.0 196.0 196.0 196.0 196.0 196.0 196.0 196.0 196.0 196.0 196.0 196.0 196.0 196.0 196.0 196.0 196.0 196.0 198.2 204.9 207.1 218.2
200.0 200.0 200.0 200.0 200.0 200.0 200.0 200.0 200.0 200.0 200.0 200.0 200.0 200.0 200.0 200.0 200.0 200.0 200.0 202.2 208.9 211.1 222.2
204.0 204.0 204.0 204.0 204.0 204.0 204.0 204.0 204.0 204.0 204.0 204.0 204.0 204.0 204.0 204.0 204.0 204.0 204.0 206.2 212.9 215.1 226.2
208.0 208.0 208.0 208.0 208.0 208.0 208.0 208.0 208.0 208.0 208.0 208.0 208.0 208.0 208.0 208.0 208.0 208.0 208.0 210.2 216.9 219.1 230.2
212.0 212.0 212.0 212.0 212.0 212.0 212.0 212.0 212.0 212.0 212.0 212.0 212.0 212.0 212.0 212.0 212.0 212.0 212.0 214.2 220.9 223.1 234.2
216.0 216.0 216.0 216.0 216.0 216.0 216.0 216.0 216.0 216.0 216.0 216.0 216.0 216.0 216.0 216.0 216.0 216.0 216.0 218.2 224.9 227.1 238.2