10
48
2.0 4.0 2.0 5.0 2.0 3.0 2.0 4.0 2.0 6.0 2.0 5.0 2.0 3.0 2.0 5.0 2.0 9.0 2.0
2.0 4.0 2.0 5.0 2.0 3.0 2.0 4.0 2.0 6.0 2.0 5.0 2.0 3.0 2.0 5.0 2.0 9.0 2.0
2.0 4.0 2.0 5.0 2.0 3.0 2.0 4.0 2.0 6.0 2.0 5.0 2.0 3.0 2.0 5.0 2.0 9.0 2.0
2.0 4.0 2.0 5.0 2.0 3.0 2.0 4.0 2.0 6.0 2.0 5.0 2.0 3.0 2.0 5.0 2.0 9.0 2.0
2.0 4.0 2.0 5.0 2.0 3.0 2.0 4.0 2.0 6.0 2.0 5.0 2.0 3.0 2.0 5.0 2.0 9.0 2.0
2.0 4.0 2.0 5.0 2.0 3.0 2.0 4.0 2.0 6.0 2.0 5.0 2.0 3.0 2.0 5.0 2.0 9.0 2.0
2.0 4.0 2.0 5.0 2.0 3.0 2.0 4.0 2.0 6.0 2.0 5.0 2.0 3.0 2.0 5.0 2.0 9.0 2.0
2.0 4.0 2.0 5.0 2.0 3.0 2.0 4.0 2.0 6.0 2.0 5.0 2.0 3.0 2.0 5.0 2.0 9.0 2.0
2.0 4.0 2.0 5.0 2.0 3.0 2.0 4.0 2.0 6.0 0.0 5.0 0.0 3.0 0.0 5.0 0.0 9.0 2.0
2.0 4.0 2.0 5.0 2.0 3.0 2.0 4.0 2.0 6.0 0.0 5.0 0.0 3.0 0.0 5.0 0.0 9.0 2.0
2.0 4.0 2.0 5.0 2.0 3.0 2.0 4.0 2.0 6.0 0.0 5.0 0.0 3.0 0.0 5.0 0.0 9.0 2.0
2.0 4.0 2.0 5.0 2.0 3.0 2.0 4.0 2.0 6.0 0.0 5.0 0.0 3.0 0.0 5.0 0.0 9.0 2.0
2.0 4.0 2.0 5.0 2.0 3.0 2.0 4.0 2.0 6.0 0.0 5.0 0.0 3.0 0.0 5.0 0.0 9.0 2.0
2.0 4.0 2.0 5.0 2.0 3.0 2.0 4.0 2.0 6.0 0.0 5.0 0.0 3.0 0.0 5.0 0.0 9.0 2.0
1.6 3.2 0.0 4.0 0.0 2.4 0.0 3.2 0.0 4.8 0.0 4.0 0.0 2.4 0.0 4.0 0.0 7.2 1.6
1.6 3.2 0.0 4.0 0.0 2.4 0.0 3.2 0.0 4.8 0.0 4.0 0.0 2.4 0.0 4.0 0.0 7.2 1.6
1.4 2.9 0.0 3.6 0.0 2.1 0.0 2.9 0.0 4.3 0.0 3.6 0.0 2.1 0.0 3.6 0.0 6.4 1.4
1.4 2.9 0.0 3.6 0.0 2.1 0.0 2.9 0.0 4.3 0.0 3.6 0.0 2.1 0.0 3.6 0.0 6.4 1.4
0.0 0.0 0.0 0.0 0.0 0.0 0.0 0.0 0.0 0.0 0.0 0.0 2.2 3.3 2.2 5.6 2.2 10.0 2.2
0.0 0.0 0.0 0.0 0.0 0.0 0.0 0.0 0.0 0.0 0.0 0.0 2.2 3.3 2.2 5.6 2.2 10.0 2.2
0.0 0.0 0.0 0.0 0.0 0.0 0.0 0.0 0.0 0.0 0.0 0.0 2.2 3.3 2.2 5.6 2.2 10.0 2.2
0.0 0.0 0.0 0.0 0.0 0.0 0.0 0.0 0.0 0.0 0.0 0.0 2.2 3.3 2.2 5.6 2.2 10.0 2.2
0.0 0.0 0.0 0.0 0.0 0.0 0.0 0.0 0.0 0.0 0.0 0.0 2.2 3.3 2.2 5.6 2.2 10.0 2.2
0.0 0.0 0.0 0.0 0.0 0.0 0.0 0.0 0.0 0.0 0.0 0.0 2.2 3.3 2.2 5.6 2.2 10.0 2.2
0.0 0.0 0.0 0.0 0.0 0.0 0.0 0.0 0.0 0.0 0.0 0.0 2.2 3.3 2.2 5.6 2.2 10.0 2.2
0.0 0.0 0.0 0.0 0.0 0.0 0.0 0.0 0.0 0.0 0.0 0.0 2.2 3.3 2.2 5.6 2.2 10.0 2.2
0.0 0.0 0.0 0.0 0.0 0.0 0.0 0.0 0.0 0.0 0.0 0.0 2.2 3.3 2.2 5.6 2.2 10.0 2.2
0.0 0.0 0.0 0.0 0.0 0.0 0.0 0.0 0.0 0.0 0.0 0.0 2.2 3.3 2.2 5.6 2.2 10.0 2.2
0.0 0.0 0.0 0.0 0.0 0.0 0.0 0.0 0.0 0.0 0.0 0.0 2.2 3.3 2.2 5.6 2.2 10.0 2.2
0.0 0.0 0.0 0.0 0.0 0.0 0.0 0.0 0.0 0.0 0.0 0.0 2.2 3.3 2.2 5.6 2.2 10.0 2.2
0.0 0.0 0.0 0.0 0.0 0.0 0.0 0.0 0.0 0.0 0.0 0.0 2.2 3.3 2.2 5.6 2.2 10.0 2.2
0.0 0.0 0.0 0.0 0.0 0.0 0.0 0.0 0.0 0.0 0.0 0.0 2.2 3.3 2.2 5.6 2.2 10.0 2.2
0.0 0.0 0.0 0.0 0.0 0.0 0.0 0.0 0.0 0.0 0.0 0.0 2.2 3.3 2.2 5.6 2.2 10.0 2.2
0.0 0.0 0.0 0.0 0.0 0.0 0.0 0.0 0.0 0.0 0.0 0.0 2.2 3.3 2.2 5.6 2.2 10.0 2.2
0.0 0.0 0.0 0.0 0.0 0.0 0.0 0.0 0.0 0.0 0.0 0.0 2.2 3.3 2.2 5.6 2.2 10.0 2.2
0.0 0.0 0.0 0.0 0.0 0.0 0.0 0.0 0.0 0.0 0.0 0.0 2.2 3.3 2.2 5.6 2.2 10.0 2.2
0.0 0.0 0.0 0.0 0.0 0.0 0.0 0.0 0.0 0.0 0.0 0.0 2.2 3.3 2.2 5.6 2.2 10.0 2.2
0.0 0.0 0.0 0.0 0.0 0.0 0.0 0.0 0.0 0.0 0.0 0.0 2.2 3.3 2.2 5.6 2.2 10.0 2.2
0.0 0.0 0.0 0.0 0.0 0.0 0.0 0.0 0.0 0.0 0.0 0.0 2.2 3.3 2.2 5.6 2.2 10.0 2.2
0.0 0.0 0.0 0.0 0.0 0.0 0.0 0.0 0.0 0.0 0.0 0.0 2.2 3.3 2.2 5.6 2.2 10.0 2.2
0.0 0.0 0.0 0.0 0.0 0.0 0.0 0.0 0.0 0.0 0.0 0.0 2.2 3.3 2.2 5.6 2.2 10.0 2.2
0.0 0.0 0.0 0.0 0.0 0.0 0.0 0.0 0.0 0.0 0.0 0.0 2.2 3.3 2.2 5.6 2.2 10.0 2.2
0.0 0.0 0.0 0.0 0.0 0.0 0.0 0.0 0.0 0.0 0.0 0.0 2.2 3.3 2.2 5.6 2.2 10.0 2.2
0.0 0.0 0.0 0.0 0.0 0.0 0.0 0.0 0.0 0.0 0.0 0.0 2.2 3.3 2.2 5.6 2.2 10.0 2.2
0.0 0.0 0.0 0.0 0.0 0.0 0.0 0.0 0.0 0.0 0.0 0.0 2.2 3.3 2.2 5.6 2.2 10.0 2.2
0.0 0.0 0.0 0.0 0.0 0.0 0.0 0.0 0.0 0.0 0.0 0.0 2.2 3.3 2.2 5.6 2.2 10.0 2.2
0.0 0.0 0.0 0.0 0.0 0.0 0.0 0.0 0.0 0.0 0.0 0.0 2.2 3.3 2.2 5.6 2.2 10.0 2.2
0.0 0.0 0.0 0.0 0.0 0.0 0.0 0.0 0.0 0.0 0.0 0.0 2.2 3.3 2.2 5.6 2.2 10.0 2.2
0.0 2.0 6.0 8.0 13.0 15.0 18.0 20.0 24.0 26.0 32.0 34.0 39.0 41.0 44.0 46.0 51.0 53.0 62.0
15.0 17.0 21.0 23.0 28.0 30.0 33.0 35.0 39.0 41.0 47.0 49.0 54.0 56.0 59.0 61.0 66.0 68.0 77.0
30.0 32.0 36.0 38.0 43.0 45.0 48.0 50.0 54.0 56.0 62.0 64.0 69.0 71.0 74.0 76.0 81.0 83.0 92.0
45.0 47.0 51.0 53.0 58.0 60.0 63.0 65.0 69.0 71.0 77.0 79.0 84.0 86.0 89.0 91.0 96.0 98.0 107.0
60.0 62.0 66.0 68.0 73.0 75.0 78.0 80.0 84.0 86.0 92.0 94.0 99.0 101.0 104.0 106.0 111.0 113.0 122.0
75.0 77.0 81.0 83.0 88.0 90.0 93.0 95.0 99.0 101.0 107.0 109.0 114.0 116.0 119.0 121.0 126.0 128.0 137.0
90.0 92.0 96.0 98.0 103.0 105.0 108.0 110.0 114.0 116.0 122.0 124.0 129.0 131.0 134.0 136.0 141.0 143.0 152.0
105.0 107.0 111.0 113.0 118.0 120.0 123.0 125.0 129.0 131.0 137.0 139.0 144.0 146.0 149.0 151.0 156.0 158.0 167.0
120.0 122.0 126.0 128.0 133.0 135.0 138.0 140.0 144.0 146.0 152.0 152.0 157.0 157.0 160.0 160.0 165.0 165.0 174.0
0.0 2.0 6.0 8.0 13.0 15.0 18.0 20.0 24.0 26.0 32.0 32.0 37.0 37.0 40.0 40.0 45.0 45.0 54.0
20.0 22.0 26.0 28.0 33.0 35.0 38.0 40.0 44.0 46.0 52.0 52.0 57.0 57.0 60.0 60.0 65.0 65.0 74.0
40.0 42.0 46.0 48.0 53.0 55.0 58.0 60.0 64.0 66.0 72.0 72.0 77.0 77.0 80.0 80.0 85.0 85.0 94.0
60.0 62.0 66.0 68.0 73.0 75.0 78.0 80.0 84.0 86.0 92.0 92.0 97.0 97.0 100.0 100.0 105.0 105.0 114.0
80.0 82.0 86.0 88.0 93.0 95.0 98.0 100.0 104.0 106.0 112.0 112.0 117.0 117.0 120.0 120.0 125.0 125.0 134.0
100.0 101.6 104.8 104.8 108.8 108.8 111.2 111.2 114.4 114.4 119.2 119.2 123.2 123.2 125.6 125.6 129.6 129.6 136.8
120.0 121.6 124.8 124.8 128.8 128.8 131.2 131.2 134.4 134.4 139.2 139.2 143.2 143.2 145.6 145.6 149.6 149.6 156.8
0.0 1.4 4.3 4.3 7.9 7.9 10.0 10.0 12.9 12.9 17.1 17.1 20.7 20.7 22.9 22.9 26.4 26.4 32.9
60.0 61.4 64.3 64.3 67.9 67.9 70.0 70.0 72.9 72.9 77.1 77.1 80.7 80.7 82.9 82.9 86.4 86.4 92.9
30.0 30.0 30.0 30.0 30.0 30.0 30.0 30.0 30.0 30.0 30.0 30.0 30.0 32.2 35.6 37.8 43.3 45.6 55.6
90.0 90.0 90.0 90.0 90.0 90.0 90.0 90.0 90.0 90.0 90.0 90.0 90.0 92.2 95.6 97.8 103.3 105.6 115.6
0.0 0.0 0.0 0.0 0.0 0.0 0.0 0.0 0.0 0.0 0.0 0.0 0.0 2.2 5.6 7.8 13.3 15.6 25.6
4.0 4.0 4.0 4.0 4.0 4.0 4.0 4.0 4.0 4.0 4.0 4.0 4.0 6.2 9.6 11.8 17.3 19.6 29.6
8.0 8.0 8.0 8.0 8.0 8.0 8.0 8.0 8.0 8.0 8.0 8.0 8.0 10.2 13.6 15.8 21.3 23.6 33.6
12.0 12.0 12.0 12.0 12.0 12.0 12.0 12.0 12.0 12.0 12.0 12.0 12.0 14.2 17.6 19.8 25.3 27.6 37.6
16.0 16.0 16.0 16.0 16.0 16.0 16.0 16.0 16.0 16.0 16.0 16.0 16.0 18.2 21.6 23.8 29.3 31.6 41.6
20.0 20.0 20.0 20.0 20.0 20.0 20.0 20.0 20.0 20.0 20.0 20.0 20.0 22.2 25.6 27.8 33.3 35.6 45.6
24.0 24.0 24.0 24.0 24.0 24.0 24.0 24.0 24.0 24.0 24.0 24.0 24.0 26.2 29.6 31.8 37.3 39.6 49.6
28.0 28.0 28.0 28.0 28.0 28.0 28.0 28.0 28.0 28.0 28.0 28.0 28.0 30.2 33.6 35.8 41.3 43.6 53.6
32.0 32.0 32.0 32.0 32.0 32.0 32.0 32.0 32.0 32.0 32.0 32.0 32.0 34.2 37.6 39.8 45.3 47.6 57.6
36.0 36.0 36.0 36.0 36.0 36.0 36.0 36.0 36.0 36.0 36.0 36.0 36.0 38.2 41.6 43.8 49.3 51.6 61.6
40.0 40.0 40.0 40.0 40.0 40.0 40.0 40.0 40.0 40.0 40.0 40.0 40.0 42.2 45.6 47.8 53.3 55.6 65.6
44.0 44.0 44.0 44.0 44.0 44.0 44.0 44.0 44.0 44.0 44.0 44.0 44.0 46.2 49.6 51.8 57.3 59.6 69.6
48.0 48.0 48.0 48.0 48.0 48.0 48.0 48.0 48.0 48.0 48.0 48.0 48.0 50.2 53.6 55.8 61.3 63.6 73.6
52.0 52.0 52.0 52.0 52.0 52.0 52.0 52.0 52.0 52.0 52.0 52.0 52.0 54.2 57.6 59.8 65.3 67.6 77.6
56.0 56.0 56.0 56.0 56.0 56.0 56.0 56.0 56.0 56.0 56.0 56.0 56.0 58.2 61.6 63.8 69.3 71.6 81.6
60.0 60.0 60.0 60.0 60.0 60.0 60.0 60.0 60.0 60.0 60.0 60.0 60.0 62.2 65.6 67.8 73.3 75.6 85.6
64.0 64.0 64.0 64.0 64.0 64.0 64.0 64.0 64.0 64.0 64.0 64.0 64.0 66.2 69.6 71.8 77.3 79.6 89.6
68.0 68.0 68.0 68.0 68.0 68.0 68.0 68.0 68.0 68.0 68.0 68.0 68.0 70.2 73.6 75.8 81.3 83.6 93.6
72.0 72.0 72.0 72.0 72.0 72.0 72.0 72.0 72.0 72.0 72.0 72.0 72.0 74.2 77.6 79.8 85.3 87.6 97.6
76.0 76.0 76.0 76.0 76.0 76.0 76.0 76.0 76.0 76.0 76.0 76.0 76.0 78.2 81.6 83.8 89.3 91.6 101.6
80.0 80.0 80.0 80.0 80.0 80.0 80.0 80.0 80.0 80.0 80.0 80.0 80.0 82.2 85.6 87.8 93.3 95.6 105.6
84.0 84.0 84.0 84.0 84.0 84.0 84.0 84.0 84.0 84.0 84.0 84.0 84.0 86.2 89.6 91.8 97.3 99.6 109.6
88.0 88.0 88.0 88.0 88.0 88.0 88.0 88.0 88.0 88.0 88.0 88.0 88.0 90.2 93.6 95.8 101.3 103.6 113.6
92.0 92.0 92.0 92.0 92.0 92.0 92.0 92.0 92.0 92.0 92.0 92.0 92.0 94.2 97.6 99.8 105.3 107.6 117.6
96.0 96.0 96.0 96.0 96.0 96.0 96.0 96.0 96.0 96.0 96.0 96.0 96.0 98.2 101.6 103.8 109.3 111.6 121.6
100.0 100.0 100.0 100.0 100.0 100.0 100.0 100.0 100.0 100.0 100.0 100.0 100.0 102.2 105.6 107.8 113.3 115.6 125.6
104.0 104.0 104.0 104.0 104.0 104.0 104.0 104.0 104.0 104.0 104.0 104.0 104.0 106.2 109.6 111.8 117.3 119.6 129.6
108.0 108.0 108.0 108.0 108.0 108.0 108.0 108.0 108.0 108.0 108.0 108.0 108.0 110.2 113.6 115.8 121.3 123.6 133.6