10
18
2.0 4.0 2.0 5.0 2.0 3.0 2.0 4.0 2.0 6.0 2.0 5.0 2.0 3.0 2.0 5.0 2.0 9.0 2.0
2.0 4.0 2.0 5.0 2.0 3.0 2.0 4.0 2.0 6.0 2.0 5.0 2.0 3.0 2.0 5.0 2.0 9.0 2.0
2.0 4.0 2.0 5.0 2.0 3.0 2.0 4.0 2.0 6.0 2.0 5.0 2.0 3.0 2.0 5.0 2.0 9.0 2.0
2.0 4.0 2.0 5.0 2.0 3.0 2.0 4.0 2.0 6.0 2.0 5.0 2.0 3.0 2.0 5.0 2.0 9.0 2.0
2.0 4.0 2.0 5.0 2.0 3.0 2.0 4.0 2.0 6.0 2.0 5.0 2.0 3.0 2.0 5.0 2.0 9.0 2.0
2.0 4.0 2.0 5.0 2.0 3.0 2.0 4.0 2.0 6.0 2.0 5.0 2.0 3.0 2.0 5.0 2.0 9.0 2.0
2.0 4.0 2.0 5.0 2.0 3.0 2.0 4.0 2.0 6.0 2.0 5.0 2.0 3.0 2.0 5.0 2.0 9.0 2.0
2.0 4.0 2.0 5.0 2.0 3.0 2.0 4.0 2.0 6.0 2.0 5.0 2.0 3.0 2.0 5.0 2.0 9.0 2.0
2.0 4.0 2.0 5.0 2.0 3.0 2.0 4.0 2.0 6.0 0.0 5.0 0.0 3.0 0.0 5.0 0.0 9.0 2.0
2.0 4.0 2.0 5.0 2.0 3.0 2.0 4.0 2.0 6.0 0.0 5.0 0.0 3.0 0.0 5.0 0.0 9.0 2.0
2.0 4.0 2.0 5.0 2.0 3.0 2.0 4.0 2.0 6.0 0.0 5.0 0.0 3.0 0.0 5.0 0.0 9.0 2.0
2.0 4.0 2.0 5.0 2.0 3.0 2.0 4.0 2.0 6.0 0.0 5.0 0.0 3.0 0.0 5.0 0.0 9.0 2.0
2.0 4.0 2.0 5.0 2.0 3.0 2.0 4.0 2.0 6.0 0.0 5.0 0.0 3.0 0.0 5.0 0.0 9.0 2.0
2.0 4.0 2.0 5.0 2.0 3.0 2.0 4.0 2.0 6.0 0.0 5.0 0.0 3.0 0.0 5.0 0.0 9.0 2.0
1.6 3.2 0.0 4.0 0.0 2.4 0.0 3.2 0.0 4.8 0.0 4.0 0.0 2.4 0.0 4.0 0.0 7.2 1.6
1.6 3.2 0.0 4.0 0.0 2.4 0.0 3.2 0.0 4.8 0.0 4.0 0.0 2.4 0.0 4.0 0.0 7.2 1.6
1.4 2.9 0.0 3.6 0.0 2.1 0.0 2.9 0.0 4.3 0.0 3.6 0.0 2.1 0.0 3.6 0.0 6.4 1.4
1.4 2.9 0.0 3.6 0.0 2.1 0.0 2.9 0.0 4.3 0.0 3.6 0.0 2.1 0.0 3.6 0.0 6.4 1.4
0.0 2.0 6.0 8.0 13.0 15.0 18.0 20.0 24.0 26.0 32.0 34.0 39.0 41.0 44.0 46.0 51.0 53.0 62.0
15.0 17.0 21.0 23.0 28.0 30.0 33.0 35.0 39.0 41.0 47.0 49.0 54.0 56.0 59.0 61.0 66.0 68.0 77.0
30.0 32.0 36.0 38.0 43.0 45.0 48.0 50.0 54.0 56.0 62.0 64.0 69.0 71.0 74.0 76.0 81.0 83.0 92.0
45.0 47.0 51.0 53.0 58.0 60.0 63.0 65.0 69.0 71.0 77.0 79.0 84.0 86.0 89.0 91.0 96.0 98.0 107.0
60.0 62.0 66.0 68.0 73.0 75.0 78.0 80.0 84.0 86.0 92.0 94.0 99.0 101.0 104.0 106.0 111.0 113.0 122.0
75.0 77.0 81.0 83.0 88.0 90.0 93.0 95.0 99.0 101.0 107.0 109.0 114.0 116.0 119.0 121.0 126.0 128.0 137.0
90.0 92.0 96.0 98.0 103.0 105.0 108.0 110.0 114.0 116.0 122.0 124.0 129.0 131.0 134.0 136.0 141.0 143.0 152.0
105.0 107.0 111.0 113.0 118.0 120.0 123.0 125.0 129.0 131.0 137.0 139.0 144.0 146.0 149.0 151.0 156.0 158.0 167.0
120.0 122.0 126.0 128.0 133.0 135.0 138.0 140.0 144.0 146.0 152.0 152.0 157.0 157.0 160.0 160.0 165.0 165.0 174.0
0.0 2.0 6.0 8.0 13.0 15.0 18.0 20.0 24.0 26.0 32.0 32.0 37.0 37.0 40.0 40.0 45.0 45.0 54.0
20.0 22.0 26.0 28.0 33.0 35.0 38.0 40.0 44.0 46.0 52.0 52.0 57.0 57.0 60.0 60.0 65.0 65.0 74.0
40.0 42.0 46.0 48.0 53.0 55.0 58.0 60.0 64.0 66.0 72.0 72.0 77.0 77.0 80.0 80.0 85.0 85.0 94.0
60.0 62.0 66.0 68.0 73.0 75.0 78.0 80.0 84.0 86.0 92.0 92.0 97.0 97.0 100.0 100.0 105.0 105.0 114.0
80.0 82.0 86.0 88.0 93.0 95.0 98.0 100.0 104.0 106.0 112.0 112.0 117.0 117.0 120.0 120.0 125.0 125.0 134.0
100.0 101.6 104.8 104.8 108.8 108.8 111.2 111.2 114.4 114.4 119.2 119.2 123.2 123.2 125.6 125.6 129.6 129.6 136.8
120.0 121.6 124.8 124.8 128.8 128.8 131.2 131.2 134.4 134.4 139.2 139.2 143.2 143.2 145.6 145.6 149.6 149.6 156.8
0.0 1.4 4.3 4.3 7.9 7.9 10.0 10.0 12.9 12.9 17.1 17.1 20.7 20.7 22.9 22.9 26.4 26.4 32.9
60.0 61.4 64.3 64.3 67.9 67.9 70.0 70.0 72.9 72.9 77.1 77.1 80.7 80.7 82.9 82.9 86.4 86.4 92.9