5
20
4.5 10.0 0.9 4.5 0.0 10.0 0.0 12.7 0.0
5.0 11.0 0.0 5.0 6.0 11.0 6.0 14.0 0.0
5.6 12.2 1.1 5.6 6.7 12.2 6.7 15.6 3.3
5.0 11.0 1.0 5.0 6.0 11.0 6.0 14.0 3.0
0.0 10.0 0.0 4.5 5.5 10.0 5.5 12.7 2.7
5.6 12.2 1.1 5.6 6.7 12.2 6.7 15.6 3.3
3.6 7.9 0.0 3.6 4.3 7.9 4.3 10.0 2.1
4.0 8.8 0.8 4.0 0.0 8.8 4.8 11.2 2.4
4.5 10.0 0.0 4.5 5.5 10.0 5.5 12.7 0.0
5.0 11.0 1.0 5.0 6.0 11.0 6.0 14.0 3.0
4.5 10.0 0.9 4.5 0.0 10.0 0.0 12.7 0.0
0.0 7.9 0.7 3.6 4.3 7.9 4.3 10.0 2.1
5.6 12.2 1.1 5.6 6.7 12.2 6.7 15.6 3.3
5.6 12.2 1.1 5.6 6.7 12.2 6.7 15.6 3.3
3.6 7.9 0.0 3.6 4.3 7.9 4.3 10.0 2.1
5.0 11.0 1.0 5.0 6.0 11.0 6.0 14.0 3.0
0.0 7.9 0.0 3.6 4.3 7.9 4.3 10.0 2.1
4.0 8.8 0.0 4.0 4.8 8.8 4.8 11.2 0.0
5.0 11.0 1.0 5.0 6.0 11.0 6.0 14.0 3.0
5.0 11.0 1.0 5.0 6.0 11.0 6.0 14.0 3.0
9.0 13.5 23.5 24.5 29.0 29.0 39.0 39.0 51.7
21.0 26.0 37.0 37.0 42.0 48.0 59.0 65.0 79.0
34.0 39.6 51.8 52.9 58.4 65.1 77.3 84.0 99.6
48.0 53.0 64.0 65.0 70.0 76.0 87.0 93.0 107.0
53.0 53.0 63.0 63.0 67.5 73.0 83.0 88.5 101.2
67.0 72.6 84.8 85.9 91.4 98.1 110.3 117.0 132.6
75.0 78.6 86.4 86.4 90.0 94.3 102.1 106.4 116.4
88.0 92.0 100.8 101.6 105.6 105.6 114.4 119.2 130.4
102.0 106.5 116.5 116.5 121.1 126.5 136.5 142.0 154.7
111.0 116.0 127.0 128.0 133.0 139.0 150.0 156.0 170.0
125.0 129.5 139.5 140.5 145.0 145.0 155.0 155.0 167.7
132.0 132.0 139.9 140.6 144.1 148.4 156.3 160.6 170.6
141.0 146.6 158.8 159.9 165.4 172.1 184.3 191.0 206.6
152.0 157.6 169.8 170.9 176.4 183.1 195.3 202.0 217.6
162.0 165.6 173.4 173.4 177.0 181.3 189.1 193.4 203.4
172.0 177.0 188.0 189.0 194.0 200.0 211.0 217.0 231.0
182.0 182.0 189.9 189.9 193.4 197.7 205.6 209.9 219.9
195.0 199.0 207.8 207.8 211.8 216.6 225.4 230.2 241.4
208.0 213.0 224.0 225.0 230.0 236.0 247.0 253.0 267.0
221.0 226.0 237.0 238.0 243.0 249.0 260.0 266.0 280.0