20
10
0.0 7.1 0.0 2.1 0.0 2.9 0.0 6.4 0.0 5.0 0.0 7.9 0.7 7.9 2.1 7.1 0.0 10.7 3.6 6.4 2.1 7.1 0.0 8.6 2.1 5.0 0.0 7.9 0.0 4.3 3.6 7.9 0.0 4.3 0.0 10.7 0.7 7.1 0.0
0.0 8.0 3.2 2.4 0.0 3.2 0.0 7.2 0.8 5.6 0.0 8.8 0.8 8.8 0.0 8.0 0.0 12.0 0.0 7.2 2.4 8.0 1.6 9.6 2.4 5.6 0.0 8.8 1.6 4.8 4.0 8.8 0.0 4.8 2.4 12.0 0.0 8.0 0.0
2.0 10.0 0.0 3.0 3.0 4.0 2.0 9.0 1.0 7.0 3.0 11.0 0.0 11.0 0.0 10.0 1.0 15.0 5.0 9.0 3.0 10.0 2.0 12.0 0.0 7.0 0.0 11.0 0.0 6.0 0.0 11.0 0.0 6.0 3.0 15.0 0.0 10.0 5.0
2.0 10.0 0.0 3.0 3.0 4.0 2.0 9.0 0.0 7.0 0.0 11.0 0.0 11.0 3.0 10.0 1.0 15.0 5.0 9.0 3.0 10.0 2.0 12.0 3.0 7.0 6.0 11.0 2.0 6.0 5.0 11.0 0.0 6.0 3.0 15.0 0.0 10.0 5.0
2.0 10.0 4.0 3.0 3.0 4.0 2.0 9.0 1.0 7.0 3.0 11.0 1.0 11.0 3.0 10.0 1.0 15.0 5.0 9.0 3.0 10.0 2.0 12.0 3.0 7.0 6.0 11.0 2.0 6.0 5.0 11.0 6.0 6.0 3.0 15.0 1.0 10.0 5.0
2.0 10.0 4.0 3.0 3.0 4.0 2.0 9.0 1.0 7.0 3.0 11.0 1.0 11.0 3.0 10.0 1.0 15.0 5.0 9.0 3.0 10.0 2.0 12.0 3.0 7.0 6.0 11.0 2.0 6.0 5.0 11.0 6.0 6.0 3.0 15.0 1.0 10.0 5.0
1.8 9.1 3.6 2.7 2.7 3.6 1.8 8.2 0.0 6.4 0.0 10.0 0.9 10.0 2.7 9.1 0.0 13.6 0.0 8.2 2.7 9.1 0.0 10.9 2.7 6.4 0.0 10.0 1.8 5.5 4.5 10.0 5.5 5.5 0.0 13.6 0.9 9.1 0.0
2.2 11.1 4.4 3.3 3.3 4.4 2.2 10.0 1.1 7.8 3.3 12.2 1.1 12.2 3.3 11.1 1.1 16.7 5.6 10.0 3.3 11.1 2.2 13.3 3.3 7.8 6.7 12.2 2.2 6.7 5.6 12.2 6.7 6.7 3.3 16.7 1.1 11.1 5.6
1.8 9.1 0.0 2.7 2.7 3.6 0.0 8.2 0.9 6.4 0.0 10.0 0.9 10.0 2.7 9.1 0.9 13.6 0.0 8.2 0.0 9.1 1.8 10.9 0.0 6.4 0.0 10.0 1.8 5.5 4.5 10.0 0.0 5.5 2.7 13.6 0.9 9.1 4.5
2.0 10.0 4.0 3.0 3.0 4.0 2.0 9.0 1.0 7.0 3.0 11.0 1.0 11.0 3.0 10.0 1.0 15.0 5.0 9.0 3.0 10.0 2.0 12.0 3.0 7.0 6.0 11.0 2.0 6.0 5.0 11.0 6.0 6.0 3.0 15.0 1.0 10.0 5.0
10.0 10.0 17.1 17.1 19.3 19.3 22.1 22.1 28.6 28.6 33.6 33.6 41.4 42.1 50.0 52.1 59.3 59.3 70.0 73.6 80.0 82.1 89.3 89.3 97.9 100.0 105.0 105.0 112.9 112.9 117.1 120.7 128.6 128.6 132.9 132.9 143.6 144.3 151.4
16.0 16.0 24.0 27.2 29.6 29.6 32.8 32.8 40.0 40.8 46.4 46.4 55.2 56.0 64.8 64.8 72.8 72.8 84.8 84.8 92.0 94.4 102.4 104.0 113.6 116.0 121.6 121.6 130.4 132.0 136.8 140.8 149.6 149.6 154.4 156.8 168.8 168.8 176.8
26.0 28.0 38.0 38.0 41.0 44.0 48.0 50.0 59.0 60.0 67.0 70.0 81.0 81.0 92.0 92.0 102.0 103.0 118.0 123.0 132.0 135.0 145.0 147.0 159.0 159.0 166.0 166.0 177.0 177.0 183.0 183.0 194.0 194.0 200.0 203.0 218.0 218.0 228.0
32.0 34.0 44.0 44.0 47.0 50.0 54.0 56.0 65.0 65.0 72.0 72.0 83.0 83.0 94.0 97.0 107.0 108.0 123.0 128.0 137.0 140.0 150.0 152.0 164.0 167.0 174.0 180.0 191.0 193.0 199.0 204.0 215.0 215.0 221.0 224.0 239.0 239.0 249.0
39.0 41.0 51.0 55.0 58.0 61.0 65.0 67.0 76.0 77.0 84.0 87.0 98.0 99.0 110.0 113.0 123.0 124.0 139.0 144.0 153.0 156.0 166.0 168.0 180.0 183.0 190.0 196.0 207.0 209.0 215.0 220.0 231.0 237.0 243.0 246.0 261.0 262.0 272.0
49.0 51.0 61.0 65.0 68.0 71.0 75.0 77.0 86.0 87.0 94.0 97.0 108.0 109.0 120.0 123.0 133.0 134.0 149.0 154.0 163.0 166.0 176.0 178.0 190.0 193.0 200.0 206.0 217.0 219.0 225.0 230.0 241.0 247.0 253.0 256.0 271.0 272.0 282.0
55.0 56.8 65.9 69.5 72.3 75.0 78.6 80.5 88.6 88.6 95.0 95.0 105.0 105.9 115.9 118.6 127.7 127.7 141.4 141.4 149.5 152.3 161.4 161.4 172.3 175.0 181.4 181.4 191.4 193.2 198.6 203.2 213.2 218.6 224.1 224.1 237.7 238.6 247.7
64.0 66.2 77.3 81.8 85.1 88.4 92.9 95.1 105.1 106.2 114.0 117.3 129.6 130.7 142.9 146.2 157.3 158.4 175.1 180.7 190.7 194.0 205.1 207.3 220.7 224.0 231.8 238.4 250.7 252.9 259.6 265.1 277.3 284.0 290.7 294.0 310.7 311.8 322.9
69.0 70.8 79.9 79.9 82.6 85.4 89.0 89.0 97.2 98.1 104.5 104.5 114.5 115.4 125.4 128.1 137.2 138.1 151.7 151.7 159.9 159.9 169.0 170.8 181.7 181.7 188.1 188.1 198.1 199.9 205.4 209.9 219.9 219.9 225.4 228.1 241.7 242.6 251.7
76.0 78.0 88.0 92.0 95.0 98.0 102.0 104.0 113.0 114.0 121.0 124.0 135.0 136.0 147.0 150.0 160.0 161.0 176.0 181.0 190.0 193.0 203.0 205.0 217.0 220.0 227.0 233.0 244.0 246.0 252.0 257.0 268.0 274.0 280.0 283.0 298.0 299.0 309.0