5
7
2.1 9.3 0.7 9.3 2.1 7.1 0.0 2.9 3.6
3.0 13.0 1.0 13.0 3.0 10.0 5.0 4.0 5.0
3.0 13.0 1.0 13.0 3.0 10.0 5.0 4.0 5.0
3.0 13.0 1.0 13.0 3.0 10.0 5.0 4.0 5.0
3.0 13.0 1.0 13.0 3.0 10.0 5.0 4.0 5.0
3.3 14.4 1.1 14.4 3.3 11.1 5.6 4.4 5.6
3.0 13.0 1.0 13.0 3.0 10.0 0.0 4.0 5.0
10.0 12.1 21.4 22.1 31.4 33.6 40.7 40.7 43.6
18.0 21.0 34.0 35.0 48.0 51.0 61.0 66.0 70.0
28.0 31.0 44.0 45.0 58.0 61.0 71.0 76.0 80.0
36.0 39.0 52.0 53.0 66.0 69.0 79.0 84.0 88.0
48.0 51.0 64.0 65.0 78.0 81.0 91.0 96.0 100.0
60.0 63.3 77.8 78.9 93.3 96.7 107.8 113.3 117.8
67.0 70.0 83.0 84.0 97.0 100.0 110.0 110.0 114.0