7
10
1.1 4.4 2.2 3.3 1.1 5.6 4.4 3.3 5.6 11.1 6.7 8.9 4.4
1.0 4.0 2.0 3.0 1.0 5.0 4.0 3.0 5.0 10.0 6.0 8.0 4.0
0.0 3.2 1.6 2.4 0.0 4.0 3.2 2.4 0.0 8.0 4.8 6.4 0.0
1.0 4.0 2.0 3.0 1.0 5.0 4.0 3.0 5.0 10.0 6.0 8.0 4.0
1.1 4.4 2.2 3.3 1.1 5.6 4.4 3.3 5.6 11.1 6.7 8.9 4.4
0.0 3.2 0.0 2.4 0.8 4.0 3.2 2.4 4.0 8.0 4.8 6.4 3.2
1.0 4.0 2.0 3.0 1.0 5.0 4.0 3.0 5.0 10.0 6.0 8.0 4.0
1.0 4.0 2.0 3.0 1.0 5.0 4.0 3.0 5.0 10.0 6.0 8.0 4.0
0.7 2.9 0.0 2.1 0.7 3.6 2.9 2.1 0.0 7.1 0.0 5.7 2.9
1.0 4.0 2.0 3.0 1.0 5.0 0.0 3.0 5.0 10.0 6.0 8.0 0.0
5.0 6.1 10.6 12.8 16.1 17.2 22.8 27.2 30.6 36.1 47.2 53.9 62.8
13.0 14.0 18.0 20.0 23.0 24.0 29.0 33.0 36.0 41.0 51.0 57.0 65.0
17.0 17.0 20.2 21.8 24.2 24.2 28.2 31.4 33.8 33.8 41.8 46.6 53.0
22.0 23.0 27.0 29.0 32.0 33.0 38.0 42.0 45.0 50.0 60.0 66.0 74.0
27.0 28.1 32.6 34.8 38.1 39.2 44.8 49.2 52.6 58.1 69.2 75.9 84.8
32.0 32.0 35.2 35.2 37.6 38.4 42.4 45.6 48.0 52.0 60.0 64.8 71.2
39.0 40.0 44.0 46.0 49.0 50.0 55.0 59.0 62.0 67.0 77.0 83.0 91.0
45.0 46.0 50.0 52.0 55.0 56.0 61.0 65.0 68.0 73.0 83.0 89.0 97.0
54.0 54.7 57.6 57.6 59.7 60.4 64.0 66.9 69.0 69.0 76.1 76.1 81.9
61.0 62.0 66.0 68.0 71.0 72.0 77.0 77.0 80.0 85.0 95.0 101.0 109.0