5
25
2.2 16.7 4.4 5.6 4.4 14.4 5.6 8.9 4.4
2.0 15.0 0.0 5.0 0.0 13.0 5.0 8.0 4.0
1.8 13.6 0.0 4.5 0.0 11.8 4.5 7.3 3.6
2.2 16.7 4.4 5.6 4.4 14.4 5.6 8.9 4.4
2.0 15.0 4.0 5.0 4.0 13.0 5.0 8.0 4.0
0.0 15.0 4.0 5.0 0.0 13.0 5.0 8.0 4.0
2.0 15.0 0.0 5.0 4.0 13.0 5.0 8.0 4.0
2.0 15.0 4.0 5.0 0.0 13.0 0.0 8.0 4.0
0.0 13.6 3.6 4.5 0.0 11.8 4.5 7.3 0.0
1.4 10.7 2.9 3.6 0.0 9.3 3.6 5.7 2.9
0.0 13.6 0.0 4.5 3.6 11.8 4.5 7.3 0.0
0.0 13.6 0.0 4.5 0.0 11.8 4.5 7.3 3.6
0.0 12.0 3.2 4.0 3.2 10.4 0.0 6.4 3.2
1.4 10.7 2.9 3.6 2.9 9.3 0.0 5.7 2.9
2.0 15.0 4.0 5.0 4.0 13.0 5.0 8.0 4.0
2.0 15.0 4.0 5.0 4.0 13.0 5.0 8.0 0.0
2.0 15.0 4.0 5.0 4.0 13.0 5.0 8.0 4.0
2.0 15.0 0.0 5.0 4.0 13.0 5.0 8.0 0.0
2.0 15.0 4.0 5.0 4.0 13.0 5.0 8.0 4.0
2.0 15.0 4.0 5.0 4.0 13.0 5.0 8.0 4.0
1.6 12.0 3.2 4.0 3.2 10.4 4.0 6.4 0.0
0.0 13.6 3.6 4.5 0.0 11.8 4.5 7.3 0.0
0.0 13.6 0.0 4.5 3.6 11.8 0.0 7.3 3.6
0.0 13.6 0.0 4.5 3.6 11.8 0.0 7.3 3.6
2.2 16.7 4.4 5.6 4.4 14.4 5.6 8.9 4.4
7.0 9.2 25.9 30.3 35.9 40.3 54.8 60.3 69.2
18.0 20.0 35.0 35.0 40.0 40.0 53.0 58.0 66.0
28.0 29.8 43.5 43.5 48.0 48.0 59.8 64.4 71.6
36.0 38.2 54.9 59.3 64.9 69.3 83.8 89.3 98.2
44.0 46.0 61.0 65.0 70.0 74.0 87.0 92.0 100.0
54.0 54.0 69.0 73.0 78.0 78.0 91.0 96.0 104.0
62.0 64.0 79.0 79.0 84.0 88.0 101.0 106.0 114.0
74.0 76.0 91.0 95.0 100.0 100.0 113.0 113.0 121.0
82.0 82.0 95.6 99.3 103.8 103.8 115.6 120.2 127.5
93.0 94.4 105.1 108.0 111.6 111.6 120.9 124.4 130.1
101.0 101.0 114.6 114.6 119.2 122.8 134.6 139.2 146.5
109.0 109.0 122.6 122.6 127.2 127.2 139.0 143.5 150.8
118.0 118.0 130.0 133.2 137.2 140.4 150.8 150.8 157.2
125.0 126.4 137.1 140.0 143.6 146.4 155.7 155.7 161.4
132.0 134.0 149.0 153.0 158.0 162.0 175.0 180.0 188.0
143.0 145.0 160.0 164.0 169.0 173.0 186.0 191.0 199.0
151.0 153.0 168.0 172.0 177.0 181.0 194.0 199.0 207.0
157.0 159.0 174.0 174.0 179.0 183.0 196.0 201.0 209.0
169.0 171.0 186.0 190.0 195.0 199.0 212.0 217.0 225.0
178.0 180.0 195.0 199.0 204.0 208.0 221.0 226.0 234.0
189.0 190.6 202.6 205.8 209.8 213.0 223.4 227.4 233.8
193.0 193.0 206.6 210.3 214.8 214.8 226.6 231.2 238.5
197.0 197.0 210.6 210.6 215.2 218.8 230.6 230.6 237.9
207.0 207.0 220.6 220.6 225.2 228.8 240.6 240.6 247.9
214.0 216.2 232.9 237.3 242.9 247.3 261.8 267.3 276.2