5
15
3.0 13.0 1.0 13.0 3.0 12.0 4.0 13.0 5.0
3.0 13.0 1.0 13.0 3.0 12.0 0.0 13.0 0.0
0.0 9.3 0.7 9.3 0.0 8.6 2.9 9.3 3.6
0.0 11.8 0.9 11.8 0.0 10.9 3.6 11.8 4.5
3.3 14.4 1.1 14.4 3.3 13.3 4.4 14.4 5.6
2.1 9.3 0.7 9.3 2.1 8.6 0.0 9.3 3.6
2.7 11.8 0.0 11.8 0.0 10.9 0.0 11.8 4.5
3.0 13.0 1.0 13.0 3.0 12.0 4.0 13.0 5.0
0.0 11.8 0.9 11.8 0.0 10.9 0.0 11.8 4.5
3.3 14.4 1.1 14.4 3.3 13.3 4.4 14.4 5.6
3.3 14.4 1.1 14.4 3.3 13.3 4.4 14.4 5.6
2.1 9.3 0.7 9.3 2.1 8.6 0.0 9.3 3.6
3.0 13.0 1.0 13.0 0.0 12.0 0.0 13.0 5.0
3.0 13.0 1.0 13.0 3.0 12.0 4.0 13.0 5.0
2.4 10.4 0.8 10.4 0.0 9.6 3.2 10.4 4.0
12.0 15.0 28.0 29.0 42.0 45.0 57.0 61.0 74.0
25.0 28.0 41.0 42.0 55.0 58.0 70.0 70.0 83.0
32.0 32.0 41.3 42.0 51.3 51.3 59.9 62.7 72.0
41.0 41.0 52.8 53.7 65.5 65.5 76.5 80.1 91.9
48.0 51.3 65.8 66.9 81.3 84.7 98.0 102.4 116.9
59.0 61.1 70.4 71.1 80.4 82.6 91.1 91.1 100.4
69.0 71.7 83.5 83.5 95.4 95.4 106.3 106.3 118.1
78.0 81.0 94.0 95.0 108.0 111.0 123.0 127.0 140.0
82.0 82.0 93.8 94.7 106.5 106.5 117.5 117.5 129.3
94.0 97.3 111.8 112.9 127.3 130.7 144.0 148.4 162.9
106.0 109.3 123.8 124.9 139.3 142.7 156.0 160.4 174.9
112.0 114.1 123.4 124.1 133.4 135.6 144.1 144.1 153.4
123.0 126.0 139.0 140.0 153.0 153.0 165.0 165.0 178.0
130.0 133.0 146.0 147.0 160.0 163.0 175.0 179.0 192.0
141.0 143.4 153.8 154.6 165.0 165.0 174.6 177.8 188.2