5
10
2.1 5.0 0.0 5.7 2.1 8.6 1.4 7.1 3.6
3.0 7.0 5.0 8.0 3.0 12.0 2.0 10.0 5.0
3.0 7.0 5.0 8.0 3.0 12.0 2.0 10.0 5.0
3.0 7.0 5.0 8.0 3.0 12.0 2.0 10.0 5.0
3.0 7.0 5.0 8.0 3.0 12.0 2.0 10.0 5.0
3.3 7.8 5.6 8.9 3.3 13.3 2.2 11.1 5.6
0.0 7.0 5.0 8.0 3.0 12.0 2.0 10.0 0.0
0.0 5.0 3.6 5.7 2.1 8.6 1.4 7.1 0.0
3.3 7.8 5.6 8.9 3.3 13.3 2.2 11.1 5.6
2.1 5.0 0.0 5.7 2.1 8.6 1.4 7.1 3.6
8.0 10.1 15.1 15.1 20.9 23.0 31.6 33.0 40.1
20.0 23.0 30.0 35.0 43.0 46.0 58.0 60.0 70.0
33.0 36.0 43.0 48.0 56.0 59.0 71.0 73.0 83.0
40.0 43.0 50.0 55.0 63.0 66.0 78.0 80.0 90.0
52.0 55.0 62.0 67.0 75.0 78.0 90.0 92.0 102.0
65.0 68.3 76.1 81.7 90.6 93.9 107.2 109.4 120.6
70.0 70.0 77.0 82.0 90.0 93.0 105.0 107.0 117.0
74.0 74.0 79.0 82.6 88.3 90.4 99.0 100.4 107.6
85.0 88.3 96.1 101.7 110.6 113.9 127.2 129.4 140.6
93.0 95.1 100.1 100.1 105.9 108.0 116.6 118.0 125.1