15
10
0.0 7.3 0.0 3.6 4.5 10.0 0.0 3.6 1.8 10.0 4.5 3.6 0.0 11.8 4.5 12.7 0.0 8.2 3.6 9.1 0.0 9.1 2.7 8.2 3.6 4.5 0.0 6.4 4.5
4.0 6.4 4.0 3.2 0.0 8.8 0.0 3.2 1.6 8.8 4.0 3.2 0.0 10.4 4.0 11.2 0.0 7.2 3.2 8.0 0.0 8.0 2.4 7.2 3.2 4.0 0.8 5.6 0.0
5.0 8.0 5.0 4.0 5.0 11.0 1.0 4.0 2.0 11.0 5.0 4.0 1.0 13.0 5.0 14.0 4.0 9.0 4.0 10.0 1.0 10.0 3.0 9.0 4.0 5.0 1.0 7.0 5.0
0.0 5.7 0.0 2.9 0.0 7.9 0.0 2.9 0.0 7.9 0.0 2.9 0.7 9.3 0.0 10.0 2.9 6.4 2.9 7.1 0.7 7.1 0.0 6.4 0.0 3.6 0.7 5.0 3.6
5.6 8.9 5.6 4.4 5.6 12.2 1.1 4.4 2.2 12.2 5.6 4.4 1.1 14.4 5.6 15.6 4.4 10.0 4.4 11.1 1.1 11.1 3.3 10.0 4.4 5.6 1.1 7.8 5.6
0.0 7.3 4.5 3.6 4.5 10.0 0.9 3.6 0.0 10.0 0.0 3.6 0.9 11.8 0.0 12.7 3.6 8.2 3.6 9.1 0.0 9.1 0.0 8.2 3.6 4.5 0.9 6.4 0.0
0.0 6.4 0.0 3.2 0.0 8.8 0.8 3.2 0.0 8.8 4.0 3.2 0.8 10.4 0.0 11.2 3.2 7.2 0.0 8.0 0.8 8.0 0.0 7.2 0.0 4.0 0.0 5.6 4.0
5.0 8.0 5.0 4.0 5.0 11.0 1.0 4.0 2.0 11.0 5.0 4.0 1.0 13.0 5.0 14.0 4.0 9.0 4.0 10.0 1.0 10.0 3.0 9.0 4.0 5.0 1.0 7.0 5.0
5.0 8.0 5.0 4.0 5.0 11.0 1.0 4.0 2.0 11.0 5.0 4.0 1.0 13.0 5.0 14.0 4.0 9.0 4.0 10.0 1.0 10.0 3.0 9.0 4.0 5.0 1.0 7.0 5.0
0.0 7.3 4.5 3.6 4.5 10.0 0.0 3.6 1.8 10.0 4.5 3.6 0.9 11.8 4.5 12.7 0.0 8.2 3.6 9.1 0.0 9.1 0.0 8.2 0.0 4.5 0.9 6.4 0.0
6.0 6.0 13.3 13.3 16.9 21.5 31.5 31.5 35.1 36.9 46.9 51.5 55.1 55.1 66.9 71.5 84.2 84.2 92.4 96.0 105.1 105.1 114.2 116.9 125.1 128.7 133.3 133.3 139.6
19.0 23.0 29.4 33.4 36.6 36.6 45.4 45.4 48.6 50.2 59.0 63.0 66.2 66.2 76.6 80.6 91.8 91.8 99.0 102.2 110.2 110.2 118.2 120.6 127.8 131.0 135.0 135.8 141.4
29.0 34.0 42.0 47.0 51.0 56.0 67.0 68.0 72.0 74.0 85.0 90.0 94.0 95.0 108.0 113.0 127.0 131.0 140.0 144.0 154.0 155.0 165.0 168.0 177.0 181.0 186.0 187.0 194.0
36.0 36.0 41.7 41.7 44.6 44.6 52.4 52.4 55.3 55.3 63.1 63.1 66.0 66.7 76.0 76.0 86.0 88.9 95.3 98.1 105.3 106.0 113.1 113.1 119.6 119.6 123.1 123.9 128.9
48.0 53.6 62.4 68.0 72.4 78.0 90.2 91.3 95.8 98.0 110.2 115.8 120.2 121.3 135.8 141.3 156.9 161.3 171.3 175.8 186.9 188.0 199.1 202.4 212.4 216.9 222.4 223.6 231.3
56.0 56.0 63.3 67.8 71.5 76.0 86.0 86.9 90.5 90.5 100.5 100.5 104.2 105.1 116.9 116.9 129.6 133.3 141.5 145.1 154.2 154.2 163.3 163.3 171.5 175.1 179.6 180.5 186.9
60.0 60.0 66.4 66.4 69.6 69.6 78.4 79.2 82.4 82.4 91.2 95.2 98.4 99.2 109.6 109.6 120.8 124.0 131.2 131.2 139.2 140.0 148.0 148.0 155.2 155.2 159.2 159.2 164.8
73.0 78.0 86.0 91.0 95.0 100.0 111.0 112.0 116.0 118.0 129.0 134.0 138.0 139.0 152.0 157.0 171.0 175.0 184.0 188.0 198.0 199.0 209.0 212.0 221.0 225.0 230.0 231.0 238.0
84.0 89.0 97.0 102.0 106.0 111.0 122.0 123.0 127.0 129.0 140.0 145.0 149.0 150.0 163.0 168.0 182.0 186.0 195.0 199.0 209.0 210.0 220.0 223.0 232.0 236.0 241.0 242.0 249.0
94.0 94.0 101.3 105.8 109.5 114.0 124.0 124.0 127.6 129.5 139.5 144.0 147.6 148.5 160.4 164.9 177.6 177.6 185.8 189.5 198.5 198.5 207.6 207.6 215.8 215.8 220.4 221.3 227.6