10
10
5.0 8.0 6.0 9.0 3.0 12.0 5.0 15.0 5.0 3.0 2.0 10.0 4.0 7.0 6.0 7.0 4.0 3.0 2.0
3.6 5.7 4.3 6.4 0.0 8.6 0.0 10.7 3.6 2.1 1.4 7.1 0.0 5.0 4.3 5.0 0.0 2.1 1.4
5.0 8.0 6.0 9.0 3.0 12.0 5.0 15.0 5.0 3.0 2.0 10.0 4.0 7.0 6.0 7.0 4.0 3.0 2.0
5.6 8.9 6.7 10.0 3.3 13.3 5.6 16.7 5.6 3.3 2.2 11.1 4.4 7.8 6.7 7.8 4.4 3.3 2.2
5.0 8.0 6.0 9.0 3.0 12.0 5.0 15.0 5.0 3.0 2.0 10.0 4.0 7.0 6.0 7.0 4.0 3.0 2.0
0.0 5.7 4.3 6.4 0.0 8.6 0.0 10.7 0.0 2.1 1.4 7.1 0.0 5.0 4.3 5.0 2.9 2.1 1.4
5.6 8.9 6.7 10.0 3.3 13.3 5.6 16.7 5.6 3.3 2.2 11.1 4.4 7.8 6.7 7.8 4.4 3.3 2.2
5.6 8.9 6.7 10.0 3.3 13.3 5.6 16.7 5.6 3.3 2.2 11.1 4.4 7.8 6.7 7.8 4.4 3.3 2.2
0.0 6.4 4.8 7.2 0.0 9.6 0.0 12.0 0.0 2.4 1.6 8.0 3.2 5.6 0.0 5.6 3.2 2.4 1.6
0.0 7.3 0.0 8.2 2.7 10.9 0.0 13.6 0.0 2.7 1.8 9.1 0.0 6.4 0.0 6.4 0.0 2.7 0.0
11.0 16.0 24.0 30.0 39.0 42.0 54.0 59.0 74.0 79.0 82.0 84.0 94.0 98.0 105.0 111.0 118.0 122.0 125.0
23.0 26.6 32.3 36.6 43.0 43.0 51.6 51.6 62.3 65.9 68.0 69.4 76.6 76.6 81.6 85.9 90.9 90.9 93.0
38.0 43.0 51.0 57.0 66.0 69.0 81.0 86.0 101.0 106.0 109.0 111.0 121.0 125.0 132.0 138.0 145.0 149.0 152.0
52.0 57.6 66.4 73.1 83.1 86.4 99.8 105.3 122.0 127.6 130.9 133.1 144.2 148.7 156.4 163.1 170.9 175.3 178.7
63.0 68.0 76.0 82.0 91.0 94.0 106.0 111.0 126.0 131.0 134.0 136.0 146.0 150.0 157.0 163.0 170.0 174.0 177.0
73.0 73.0 78.7 83.0 89.4 89.4 98.0 98.0 108.7 108.7 110.9 112.3 119.4 119.4 124.4 128.7 133.7 136.6 138.7
83.0 88.6 97.4 104.1 114.1 117.4 130.8 136.3 153.0 158.6 161.9 164.1 175.2 179.7 187.4 194.1 201.9 206.3 209.7
97.0 102.6 111.4 118.1 128.1 131.4 144.8 150.3 167.0 172.6 175.9 178.1 189.2 193.7 201.4 208.1 215.9 220.3 223.7
106.0 106.0 112.4 117.2 124.4 124.4 134.0 134.0 146.0 146.0 148.4 150.0 158.0 161.2 166.8 166.8 172.4 175.6 178.0
110.0 110.0 117.3 117.3 125.5 128.2 139.1 139.1 152.7 152.7 155.5 157.3 166.4 166.4 172.7 172.7 179.1 179.1 181.8